# lambda	n	k # from K. Luke, Y. Okawachi, M. R. E. Lamont, A. L. Gaeta, M. Lipson. Broadband mid-infrared frequency comb generation in a Si3N4 microresonator, Opt. Lett. 40, 4823-4826 (2015) # via http://refractiveindex.info/
3.100000000000000000e+02	2.175939467616109901e+00	0.000000000000000000e+00
3.150000000000000000e+02	2.169589214436184132e+00	0.000000000000000000e+00
3.200000000000000000e+02	2.163602336623816846e+00	0.000000000000000000e+00
3.250000000000000000e+02	2.157950337241843819e+00	0.000000000000000000e+00
3.300000000000000000e+02	2.152607551894092808e+00	0.000000000000000000e+00
3.350000000000000000e+02	2.147550808175612058e+00	0.000000000000000000e+00
3.400000000000000000e+02	2.142759132999638272e+00	0.000000000000000000e+00
3.450000000000000000e+02	2.138213500125529354e+00	0.000000000000000000e+00
3.500000000000000000e+02	2.133896611588608216e+00	0.000000000000000000e+00
3.550000000000000000e+02	2.129792707837514509e+00	0.000000000000000000e+00
3.600000000000000000e+02	2.125887402275664861e+00	0.000000000000000000e+00
3.650000000000000000e+02	2.122167536625880757e+00	0.000000000000000000e+00
3.700000000000000000e+02	2.118621054125878089e+00	0.000000000000000000e+00
3.750000000000000000e+02	2.115236888044126129e+00	0.000000000000000000e+00
3.800000000000000000e+02	2.112004863401784505e+00	0.000000000000000000e+00
3.850000000000000000e+02	2.108915610113522465e+00	0.000000000000000000e+00
3.900000000000000000e+02	2.105960486031261514e+00	0.000000000000000000e+00
3.950000000000000000e+02	2.103131508600598387e+00	0.000000000000000000e+00
4.000000000000000000e+02	2.100421294028262498e+00	0.000000000000000000e+00
4.050000000000000000e+02	2.097823003017055488e+00	0.000000000000000000e+00
4.100000000000000000e+02	2.095330292257753246e+00	0.000000000000000000e+00
4.150000000000000000e+02	2.092937270979707609e+00	0.000000000000000000e+00
4.200000000000000000e+02	2.090638461956984884e+00	0.000000000000000000e+00
4.250000000000000000e+02	2.088428766447589791e+00	0.000000000000000000e+00
4.300000000000000000e+02	2.086303432612145681e+00	0.000000000000000000e+00
4.350000000000000000e+02	2.084258027017135806e+00	0.000000000000000000e+00
4.400000000000000000e+02	2.082288408878158137e+00	0.000000000000000000e+00
4.450000000000000000e+02	2.080390706741880091e+00	0.000000000000000000e+00
4.500000000000000000e+02	2.078561297342590208e+00	0.000000000000000000e+00
4.550000000000000000e+02	2.076796786401397199e+00	0.000000000000000000e+00
4.600000000000000000e+02	2.075093991163902807e+00	0.000000000000000000e+00
4.650000000000000000e+02	2.073449924496306274e+00	0.000000000000000000e+00
4.700000000000000000e+02	2.071861780380842344e+00	0.000000000000000000e+00
4.750000000000000000e+02	2.070326920669709470e+00	0.000000000000000000e+00
4.800000000000000000e+02	2.068842862972581909e+00	0.000000000000000000e+00
4.850000000000000000e+02	2.067407269566728267e+00	0.000000000000000000e+00
4.900000000000000000e+02	2.066017937230973267e+00	0.000000000000000000e+00
4.950000000000000000e+02	2.064672787915468266e+00	0.000000000000000000e+00
5.000000000000000000e+02	2.063369860168648540e+00	0.000000000000000000e+00
5.050000000000000000e+02	2.062107301251101976e+00	0.000000000000000000e+00
5.100000000000000000e+02	2.060883359873362242e+00	0.000000000000000000e+00
5.150000000000000000e+02	2.059696379501182673e+00	0.000000000000000000e+00
5.200000000000000000e+02	2.058544792177542160e+00	0.000000000000000000e+00
5.250000000000000000e+02	2.057427112815773285e+00	0.000000000000000000e+00
5.300000000000000000e+02	2.056341933922708254e+00	0.000000000000000000e+00
5.350000000000000000e+02	2.055287920714773620e+00	0.000000000000000000e+00
5.400000000000000000e+02	2.054263806593573438e+00	0.000000000000000000e+00
5.450000000000000000e+02	2.053268388950677537e+00	0.000000000000000000e+00
5.500000000000000000e+02	2.052300525274227461e+00	0.000000000000000000e+00
5.550000000000000000e+02	2.051359129532515091e+00	0.000000000000000000e+00
5.600000000000000000e+02	2.050443168812001282e+00	0.000000000000000000e+00
5.650000000000000000e+02	2.049551660189293578e+00	0.000000000000000000e+00
5.700000000000000000e+02	2.048683667818465448e+00	0.000000000000000000e+00
5.750000000000000000e+02	2.047838300216759944e+00	0.000000000000000000e+00
5.800000000000000000e+02	2.047014707733219030e+00	0.000000000000000000e+00
5.850000000000000000e+02	2.046212080186145421e+00	0.000000000000000000e+00
5.900000000000000000e+02	2.045429644656513890e+00	0.000000000000000000e+00
5.950000000000000000e+02	2.044666663425561470e+00	0.000000000000000000e+00
6.000000000000000000e+02	2.043922432045779392e+00	0.000000000000000000e+00
6.050000000000000000e+02	2.043196277535442196e+00	0.000000000000000000e+00
6.100000000000000000e+02	2.042487556687626604e+00	0.000000000000000000e+00
6.150000000000000000e+02	2.041795654485413003e+00	0.000000000000000000e+00
6.200000000000000000e+02	2.041119982615651196e+00	0.000000000000000000e+00
6.250000000000000000e+02	2.040459978074274261e+00	0.000000000000000000e+00
6.300000000000000000e+02	2.039815101856719881e+00	0.000000000000000000e+00
6.350000000000000000e+02	2.039184837727511024e+00	0.000000000000000000e+00
6.400000000000000000e+02	2.038568691063537663e+00	0.000000000000000000e+00
6.450000000000000000e+02	2.037966187765974269e+00	0.000000000000000000e+00
6.500000000000000000e+02	2.037376873236194541e+00	0.000000000000000000e+00
6.550000000000000000e+02	2.036800311411370412e+00	0.000000000000000000e+00
6.600000000000000000e+02	2.036236083855775369e+00	0.000000000000000000e+00
6.650000000000000000e+02	2.035683788904123492e+00	0.000000000000000000e+00
6.700000000000000000e+02	2.035143040853526486e+00	0.000000000000000000e+00
6.750000000000000000e+02	2.034613469200926783e+00	0.000000000000000000e+00
6.800000000000000000e+02	2.034094717923063733e+00	0.000000000000000000e+00
6.850000000000000000e+02	2.033586444796282588e+00	0.000000000000000000e+00
6.900000000000000000e+02	2.033088320753644762e+00	0.000000000000000000e+00
6.950000000000000000e+02	2.032600029277014553e+00	0.000000000000000000e+00
7.000000000000000000e+02	2.032121265821944078e+00	0.000000000000000000e+00
7.050000000000000000e+02	2.031651737273331371e+00	0.000000000000000000e+00
7.100000000000000000e+02	2.031191161429969583e+00	0.000000000000000000e+00
7.150000000000000000e+02	2.030739266516238928e+00	0.000000000000000000e+00
7.200000000000000000e+02	2.030295790719303550e+00	0.000000000000000000e+00
7.250000000000000000e+02	2.029860481750290102e+00	0.000000000000000000e+00
7.300000000000000000e+02	2.029433096428032712e+00	0.000000000000000000e+00
7.350000000000000000e+02	2.029013400284050306e+00	0.000000000000000000e+00
7.400000000000000000e+02	2.028601167187529253e+00	0.000000000000000000e+00
7.450000000000000000e+02	2.028196178989139842e+00	0.000000000000000000e+00
7.500000000000000000e+02	2.027798225182619873e+00	0.000000000000000000e+00
7.550000000000000000e+02	2.027407102583100862e+00	0.000000000000000000e+00
7.600000000000000000e+02	2.027022615021236707e+00	0.000000000000000000e+00
7.650000000000000000e+02	2.026644573052247544e+00	0.000000000000000000e+00
7.700000000000000000e+02	2.026272793679042117e+00	0.000000000000000000e+00
7.750000000000000000e+02	2.025907100088648605e+00	0.000000000000000000e+00
7.800000000000000000e+02	2.025547321401217182e+00	0.000000000000000000e+00
7.850000000000000000e+02	2.025193292430907288e+00	0.000000000000000000e+00
7.900000000000000000e+02	2.024844853458025451e+00	0.000000000000000000e+00
7.950000000000000000e+02	2.024501850011799942e+00	0.000000000000000000e+00
8.000000000000000000e+02	2.024164132663226479e+00	0.000000000000000000e+00
8.050000000000000000e+02	2.023831556827459188e+00	0.000000000000000000e+00
8.100000000000000000e+02	2.023503982575229010e+00	0.000000000000000000e+00
8.150000000000000000e+02	2.023181274452837908e+00	0.000000000000000000e+00
8.200000000000000000e+02	2.022863301310264816e+00	0.000000000000000000e+00
8.250000000000000000e+02	2.022549936136979642e+00	0.000000000000000000e+00
8.300000000000000000e+02	2.022241055905059870e+00	0.000000000000000000e+00
8.350000000000000000e+02	2.021936541419247391e+00	0.000000000000000000e+00
8.400000000000000000e+02	2.021636277173589846e+00	0.000000000000000000e+00
8.450000000000000000e+02	2.021340151214335634e+00	0.000000000000000000e+00
8.500000000000000000e+02	2.021048055008774380e+00	0.000000000000000000e+00
8.550000000000000000e+02	2.020759883319725336e+00	0.000000000000000000e+00
8.600000000000000000e+02	2.020475534085399261e+00	0.000000000000000000e+00
8.650000000000000000e+02	2.020194908304366432e+00	0.000000000000000000e+00
8.700000000000000000e+02	2.019917909925383892e+00	0.000000000000000000e+00
8.750000000000000000e+02	2.019644445741853644e+00	0.000000000000000000e+00
8.800000000000000000e+02	2.019374425290681785e+00	0.000000000000000000e+00
8.850000000000000000e+02	2.019107760755328940e+00	0.000000000000000000e+00
8.900000000000000000e+02	2.018844366872862839e+00	0.000000000000000000e+00
8.950000000000000000e+02	2.018584160844811848e+00	0.000000000000000000e+00
9.000000000000000000e+02	2.018327062251652038e+00	0.000000000000000000e+00
9.050000000000000000e+02	2.018072992970751045e+00	0.000000000000000000e+00
9.100000000000000000e+02	2.017821877097616845e+00	0.000000000000000000e+00
9.150000000000000000e+02	2.017573640870292451e+00	0.000000000000000000e+00
9.200000000000000000e+02	2.017328212596753989e+00	0.000000000000000000e+00
9.250000000000000000e+02	2.017085522585184254e+00	0.000000000000000000e+00
9.300000000000000000e+02	2.016845503076976520e+00	0.000000000000000000e+00
9.350000000000000000e+02	2.016608088182362479e+00	0.000000000000000000e+00
9.400000000000000000e+02	2.016373213818533294e+00	0.000000000000000000e+00
9.450000000000000000e+02	2.016140817650156514e+00	0.000000000000000000e+00
9.500000000000000000e+02	2.015910839032168056e+00	0.000000000000000000e+00
9.550000000000000000e+02	2.015683218954755773e+00	0.000000000000000000e+00
9.600000000000000000e+02	2.015457899990425350e+00	0.000000000000000000e+00
9.650000000000000000e+02	2.015234826243067268e+00	0.000000000000000000e+00
9.700000000000000000e+02	2.015013943298931132e+00	0.000000000000000000e+00
9.750000000000000000e+02	2.014795198179436753e+00	0.000000000000000000e+00
9.800000000000000000e+02	2.014578539295729609e+00	0.000000000000000000e+00
9.850000000000000000e+02	2.014363916404916743e+00	0.000000000000000000e+00
9.900000000000000000e+02	2.014151280567911151e+00	0.000000000000000000e+00
9.950000000000000000e+02	2.013940584108811827e+00	0.000000000000000000e+00
1.000000000000000000e+03	2.013731780575763963e+00	0.000000000000000000e+00
1.005000000000000000e+03	2.013524824703224247e+00	0.000000000000000000e+00
1.010000000000000000e+03	2.013319672375594838e+00	0.000000000000000000e+00
1.015000000000000000e+03	2.013116280592144314e+00	0.000000000000000000e+00
1.020000000000000000e+03	2.012914607433184067e+00	0.000000000000000000e+00
1.025000000000000000e+03	2.012714612027438399e+00	0.000000000000000000e+00
1.030000000000000000e+03	2.012516254520562153e+00	0.000000000000000000e+00
1.035000000000000000e+03	2.012319496044760125e+00	0.000000000000000000e+00
1.040000000000000000e+03	2.012124298689466073e+00	0.000000000000000000e+00
1.045000000000000000e+03	2.011930625473036471e+00	0.000000000000000000e+00
1.050000000000000000e+03	2.011738440315418597e+00	0.000000000000000000e+00
1.055000000000000000e+03	2.011547708011759195e+00	0.000000000000000000e+00
1.060000000000000000e+03	2.011358394206909761e+00	0.000000000000000000e+00
1.065000000000000000e+03	2.011170465370799132e+00	0.000000000000000000e+00
1.070000000000000000e+03	2.010983888774640072e+00	0.000000000000000000e+00
1.075000000000000000e+03	2.010798632467930780e+00	0.000000000000000000e+00
1.080000000000000000e+03	2.010614665256230449e+00	0.000000000000000000e+00
1.085000000000000000e+03	2.010431956679672449e+00	0.000000000000000000e+00
1.090000000000000000e+03	2.010250476992186730e+00	0.000000000000000000e+00
1.095000000000000000e+03	2.010070197141413662e+00	0.000000000000000000e+00
1.100000000000000000e+03	2.009891088749267585e+00	0.000000000000000000e+00
1.105000000000000000e+03	2.009713124093143399e+00	0.000000000000000000e+00
1.110000000000000000e+03	2.009536276087729778e+00	0.000000000000000000e+00
1.115000000000000000e+03	2.009360518267408136e+00	0.000000000000000000e+00
1.120000000000000000e+03	2.009185824769223139e+00	0.000000000000000000e+00
1.125000000000000000e+03	2.009012170316394563e+00	0.000000000000000000e+00
1.130000000000000000e+03	2.008839530202356727e+00	0.000000000000000000e+00
1.135000000000000000e+03	2.008667880275302853e+00	0.000000000000000000e+00
1.140000000000000000e+03	2.008497196923219708e+00	0.000000000000000000e+00
1.145000000000000000e+03	2.008327457059390753e+00	0.000000000000000000e+00
1.150000000000000000e+03	2.008158638108353600e+00	0.000000000000000000e+00
1.155000000000000000e+03	2.007990717992294893e+00	0.000000000000000000e+00
1.160000000000000000e+03	2.007823675117866635e+00	0.000000000000000000e+00
1.165000000000000000e+03	2.007657488363410181e+00	0.000000000000000000e+00
1.170000000000000000e+03	2.007492137066571480e+00	0.000000000000000000e+00
1.175000000000000000e+03	2.007327601012298679e+00	0.000000000000000000e+00
1.180000000000000000e+03	2.007163860421197654e+00	0.000000000000000000e+00
1.185000000000000000e+03	2.007000895938250817e+00	0.000000000000000000e+00
1.190000000000000000e+03	2.006838688621868094e+00	0.000000000000000000e+00
1.195000000000000000e+03	2.006677219933268308e+00	0.000000000000000000e+00
1.200000000000000000e+03	2.006516471726184747e+00	0.000000000000000000e+00
1.205000000000000000e+03	2.006356426236868273e+00	0.000000000000000000e+00
1.210000000000000000e+03	2.006197066074390634e+00	0.000000000000000000e+00
1.215000000000000000e+03	2.006038374211239095e+00	0.000000000000000000e+00
1.220000000000000000e+03	2.005880333974177532e+00	0.000000000000000000e+00
1.225000000000000000e+03	2.005722929035384183e+00	0.000000000000000000e+00
1.230000000000000000e+03	2.005566143403842538e+00	0.000000000000000000e+00
1.235000000000000000e+03	2.005409961416984466e+00	0.000000000000000000e+00
1.240000000000000000e+03	2.005254367732572707e+00	0.000000000000000000e+00
1.245000000000000000e+03	2.005099347320821401e+00	0.000000000000000000e+00
1.250000000000000000e+03	2.004944885456734660e+00	0.000000000000000000e+00
1.255000000000000000e+03	2.004790967712673844e+00	0.000000000000000000e+00
1.260000000000000000e+03	2.004637579951126458e+00	0.000000000000000000e+00
1.265000000000000000e+03	2.004484708317687325e+00	0.000000000000000000e+00
1.270000000000000000e+03	2.004332339234232041e+00	0.000000000000000000e+00
1.275000000000000000e+03	2.004180459392286284e+00	0.000000000000000000e+00
1.280000000000000000e+03	2.004029055746577193e+00	0.000000000000000000e+00
1.285000000000000000e+03	2.003878115508766378e+00	0.000000000000000000e+00
1.290000000000000000e+03	2.003727626141356133e+00	0.000000000000000000e+00
1.295000000000000000e+03	2.003577575351764395e+00	0.000000000000000000e+00
1.300000000000000000e+03	2.003427951086559577e+00	0.000000000000000000e+00
1.305000000000000000e+03	2.003278741525861051e+00	0.000000000000000000e+00
1.310000000000000000e+03	2.003129935077880841e+00	0.000000000000000000e+00
1.315000000000000000e+03	2.002981520373627422e+00	0.000000000000000000e+00
1.320000000000000000e+03	2.002833486261738294e+00	0.000000000000000000e+00
1.325000000000000000e+03	2.002685821803465327e+00	0.000000000000000000e+00
1.330000000000000000e+03	2.002538516267785784e+00	0.000000000000000000e+00
1.335000000000000000e+03	2.002391559126647902e+00	0.000000000000000000e+00
1.340000000000000000e+03	2.002244940050341704e+00	0.000000000000000000e+00
1.345000000000000000e+03	2.002098648902994160e+00	0.000000000000000000e+00
1.350000000000000000e+03	2.001952675738183363e+00	0.000000000000000000e+00
1.355000000000000000e+03	2.001807010794665054e+00	0.000000000000000000e+00
1.360000000000000000e+03	2.001661644492217729e+00	0.000000000000000000e+00
1.365000000000000000e+03	2.001516567427589433e+00	0.000000000000000000e+00
1.370000000000000000e+03	2.001371770370554692e+00	0.000000000000000000e+00
1.375000000000000000e+03	2.001227244260070481e+00	0.000000000000000000e+00
1.380000000000000000e+03	2.001082980200536987e+00	0.000000000000000000e+00
1.385000000000000000e+03	2.000938969458147199e+00	0.000000000000000000e+00
1.390000000000000000e+03	2.000795203457335525e+00	0.000000000000000000e+00
1.395000000000000000e+03	2.000651673777315676e+00	0.000000000000000000e+00
1.400000000000000000e+03	2.000508372148706915e+00	0.000000000000000000e+00
1.405000000000000000e+03	2.000365290450245581e+00	0.000000000000000000e+00
1.410000000000000000e+03	2.000222420705578763e+00	0.000000000000000000e+00
1.415000000000000000e+03	2.000079755080139687e+00	0.000000000000000000e+00
1.420000000000000000e+03	1.999937285878105042e+00	0.000000000000000000e+00
1.425000000000000000e+03	1.999795005539420023e+00	0.000000000000000000e+00
1.430000000000000000e+03	1.999652906636904648e+00	0.000000000000000000e+00
1.435000000000000000e+03	1.999510981873430682e+00	0.000000000000000000e+00
1.440000000000000000e+03	1.999369224079165397e+00	0.000000000000000000e+00
1.445000000000000000e+03	1.999227626208885500e+00	0.000000000000000000e+00
1.450000000000000000e+03	1.999086181339357893e+00	0.000000000000000000e+00
1.455000000000000000e+03	1.998944882666782608e+00	0.000000000000000000e+00
1.460000000000000000e+03	1.998803723504297913e+00	0.000000000000000000e+00
1.465000000000000000e+03	1.998662697279548039e+00	0.000000000000000000e+00
1.470000000000000000e+03	1.998521797532308630e+00	0.000000000000000000e+00
1.475000000000000000e+03	1.998381017912168156e+00	0.000000000000000000e+00
1.480000000000000000e+03	1.998240352176268164e+00	0.000000000000000000e+00
1.485000000000000000e+03	1.998099794187094602e+00	0.000000000000000000e+00
1.490000000000000000e+03	1.997959337910323541e+00	0.000000000000000000e+00
1.495000000000000000e+03	1.997818977412718411e+00	0.000000000000000000e+00
1.500000000000000000e+03	1.997678706860074760e+00	0.000000000000000000e+00
1.505000000000000000e+03	1.997538520515218075e+00	0.000000000000000000e+00
1.510000000000000000e+03	1.997398412736041795e+00	0.000000000000000000e+00
1.515000000000000000e+03	1.997258377973599730e+00	0.000000000000000000e+00
1.520000000000000000e+03	1.997118410770235997e+00	0.000000000000000000e+00
1.525000000000000000e+03	1.996978505757762479e+00	0.000000000000000000e+00
1.530000000000000000e+03	1.996838657655677585e+00	0.000000000000000000e+00
1.535000000000000000e+03	1.996698861269426306e+00	0.000000000000000000e+00
1.540000000000000000e+03	1.996559111488698246e+00	0.000000000000000000e+00
1.545000000000000000e+03	1.996419403285770500e+00	0.000000000000000000e+00
1.550000000000000000e+03	1.996279731713881400e+00	0.000000000000000000e+00
1.555000000000000000e+03	1.996140091905647340e+00	0.000000000000000000e+00
1.560000000000000000e+03	1.996000479071511347e+00	0.000000000000000000e+00
1.565000000000000000e+03	1.995860888498228958e+00	0.000000000000000000e+00
1.570000000000000000e+03	1.995721315547389629e+00	0.000000000000000000e+00
1.575000000000000000e+03	1.995581755653968337e+00	0.000000000000000000e+00
1.580000000000000000e+03	1.995442204324910707e+00	0.000000000000000000e+00
1.585000000000000000e+03	1.995302657137752567e+00	0.000000000000000000e+00
1.590000000000000000e+03	1.995163109739265694e+00	0.000000000000000000e+00
1.595000000000000000e+03	1.995023557844138651e+00	0.000000000000000000e+00
1.600000000000000000e+03	1.994883997233682038e+00	0.000000000000000000e+00
1.605000000000000000e+03	1.994744423754565954e+00	0.000000000000000000e+00
1.610000000000000000e+03	1.994604833317583648e+00	0.000000000000000000e+00
1.615000000000000000e+03	1.994465221896443818e+00	0.000000000000000000e+00
1.620000000000000000e+03	1.994325585526585787e+00	0.000000000000000000e+00
1.625000000000000000e+03	1.994185920304025750e+00	0.000000000000000000e+00
1.630000000000000000e+03	1.994046222384223910e+00	0.000000000000000000e+00
1.635000000000000000e+03	1.993906487980976472e+00	0.000000000000000000e+00
1.640000000000000000e+03	1.993766713365336507e+00	0.000000000000000000e+00
1.645000000000000000e+03	1.993626894864550136e+00	0.000000000000000000e+00
1.650000000000000000e+03	1.993487028861022692e+00	0.000000000000000000e+00
1.655000000000000000e+03	1.993347111791302639e+00	0.000000000000000000e+00
1.660000000000000000e+03	1.993207140145089706e+00	0.000000000000000000e+00
1.665000000000000000e+03	1.993067110464261660e+00	0.000000000000000000e+00
1.670000000000000000e+03	1.992927019341924177e+00	0.000000000000000000e+00
1.675000000000000000e+03	1.992786863421480703e+00	0.000000000000000000e+00
1.680000000000000000e+03	1.992646639395718955e+00	0.000000000000000000e+00
1.685000000000000000e+03	1.992506344005920305e+00	0.000000000000000000e+00
1.690000000000000000e+03	1.992365974040985588e+00	0.000000000000000000e+00
1.695000000000000000e+03	1.992225526336579566e+00	0.000000000000000000e+00
1.700000000000000000e+03	1.992084997774294708e+00	0.000000000000000000e+00
1.705000000000000000e+03	1.991944385280830287e+00	0.000000000000000000e+00
1.710000000000000000e+03	1.991803685827188808e+00	0.000000000000000000e+00
1.715000000000000000e+03	1.991662896427890406e+00	0.000000000000000000e+00
1.720000000000000000e+03	1.991522014140202579e+00	0.000000000000000000e+00
1.725000000000000000e+03	1.991381036063385013e+00	0.000000000000000000e+00
1.730000000000000000e+03	1.991239959337951504e+00	0.000000000000000000e+00
1.735000000000000000e+03	1.991098781144944763e+00	0.000000000000000000e+00
1.740000000000000000e+03	1.990957498705228534e+00	0.000000000000000000e+00
1.745000000000000000e+03	1.990816109278792378e+00	0.000000000000000000e+00
1.750000000000000000e+03	1.990674610164070435e+00	0.000000000000000000e+00
1.755000000000000000e+03	1.990532998697273959e+00	0.000000000000000000e+00
1.760000000000000000e+03	1.990391272251739618e+00	0.000000000000000000e+00
1.765000000000000000e+03	1.990249428237286899e+00	0.000000000000000000e+00
1.770000000000000000e+03	1.990107464099591716e+00	0.000000000000000000e+00
1.775000000000000000e+03	1.989965377319570017e+00	0.000000000000000000e+00
1.780000000000000000e+03	1.989823165412776484e+00	0.000000000000000000e+00
1.785000000000000000e+03	1.989680825928812125e+00	0.000000000000000000e+00
1.790000000000000000e+03	1.989538356450744505e+00	0.000000000000000000e+00
1.795000000000000000e+03	1.989395754594542431e+00	0.000000000000000000e+00
1.800000000000000000e+03	1.989253018008515506e+00	0.000000000000000000e+00
1.805000000000000000e+03	1.989110144372772115e+00	0.000000000000000000e+00
1.810000000000000000e+03	1.988967131398680310e+00	0.000000000000000000e+00
1.815000000000000000e+03	1.988823976828346662e+00	0.000000000000000000e+00
1.820000000000000000e+03	1.988680678434099125e+00	0.000000000000000000e+00
1.825000000000000000e+03	1.988537234017983879e+00	0.000000000000000000e+00
1.830000000000000000e+03	1.988393641411269730e+00	0.000000000000000000e+00
1.835000000000000000e+03	1.988249898473962940e+00	0.000000000000000000e+00
1.840000000000000000e+03	1.988106003094332053e+00	0.000000000000000000e+00
1.845000000000000000e+03	1.987961953188439157e+00	0.000000000000000000e+00
1.850000000000000000e+03	1.987817746699684252e+00	0.000000000000000000e+00
1.855000000000000000e+03	1.987673381598353606e+00	0.000000000000000000e+00
1.860000000000000000e+03	1.987528855881182110e+00	0.000000000000000000e+00
1.865000000000000000e+03	1.987384167570916960e+00	0.000000000000000000e+00
1.870000000000000000e+03	1.987239314715897764e+00	0.000000000000000000e+00
1.875000000000000000e+03	1.987094295389637111e+00	0.000000000000000000e+00
1.880000000000000000e+03	1.986949107690412886e+00	0.000000000000000000e+00
1.885000000000000000e+03	1.986803749740869485e+00	0.000000000000000000e+00
1.890000000000000000e+03	1.986658219687622795e+00	0.000000000000000000e+00
1.895000000000000000e+03	1.986512515700873172e+00	0.000000000000000000e+00
1.900000000000000000e+03	1.986366635974030626e+00	0.000000000000000000e+00
1.905000000000000000e+03	1.986220578723338903e+00	0.000000000000000000e+00
1.910000000000000000e+03	1.986074342187513553e+00	0.000000000000000000e+00
1.915000000000000000e+03	1.985927924627382657e+00	0.000000000000000000e+00
1.920000000000000000e+03	1.985781324325534891e+00	0.000000000000000000e+00
1.925000000000000000e+03	1.985634539585975800e+00	0.000000000000000000e+00
1.930000000000000000e+03	1.985487568733788288e+00	0.000000000000000000e+00
1.935000000000000000e+03	1.985340410114799781e+00	0.000000000000000000e+00
1.940000000000000000e+03	1.985193062095255812e+00	0.000000000000000000e+00
1.945000000000000000e+03	1.985045523061500505e+00	0.000000000000000000e+00
1.950000000000000000e+03	1.984897791419660162e+00	0.000000000000000000e+00
1.955000000000000000e+03	1.984749865595335283e+00	0.000000000000000000e+00
1.960000000000000000e+03	1.984601744033297255e+00	0.000000000000000000e+00
1.965000000000000000e+03	1.984453425197189036e+00	0.000000000000000000e+00
1.970000000000000000e+03	1.984304907569232723e+00	0.000000000000000000e+00
1.975000000000000000e+03	1.984156189649943780e+00	0.000000000000000000e+00
1.980000000000000000e+03	1.984007269957846376e+00	0.000000000000000000e+00
1.985000000000000000e+03	1.983858147029197161e+00	0.000000000000000000e+00
1.990000000000000000e+03	1.983708819417712599e+00	0.000000000000000000e+00
1.995000000000000000e+03	1.983559285694302066e+00	0.000000000000000000e+00
2.000000000000000000e+03	1.983409544446802730e+00	0.000000000000000000e+00
2.005000000000000000e+03	1.983259594279724203e+00	0.000000000000000000e+00
2.010000000000000000e+03	1.983109433813992739e+00	0.000000000000000000e+00
2.015000000000000000e+03	1.982959061686702773e+00	0.000000000000000000e+00
2.020000000000000000e+03	1.982808476550871335e+00	0.000000000000000000e+00
2.025000000000000000e+03	1.982657677075198688e+00	0.000000000000000000e+00
2.030000000000000000e+03	1.982506661943830073e+00	0.000000000000000000e+00
2.035000000000000000e+03	1.982355429856124340e+00	0.000000000000000000e+00
2.040000000000000000e+03	1.982203979526425242e+00	0.000000000000000000e+00
2.045000000000000000e+03	1.982052309683837832e+00	0.000000000000000000e+00
2.050000000000000000e+03	1.981900419072005981e+00	0.000000000000000000e+00
2.055000000000000000e+03	1.981748306448897656e+00	0.000000000000000000e+00
2.060000000000000000e+03	1.981595970586590427e+00	0.000000000000000000e+00
2.065000000000000000e+03	1.981443410271062522e+00	0.000000000000000000e+00
2.070000000000000000e+03	1.981290624301986547e+00	0.000000000000000000e+00
2.075000000000000000e+03	1.981137611492528539e+00	0.000000000000000000e+00
2.080000000000000000e+03	1.980984370669145900e+00	0.000000000000000000e+00
2.085000000000000000e+03	1.980830900671395556e+00	0.000000000000000000e+00
2.090000000000000000e+03	1.980677200351739442e+00	0.000000000000000000e+00
2.095000000000000000e+03	1.980523268575354878e+00	0.000000000000000000e+00
2.100000000000000000e+03	1.980369104219950493e+00	0.000000000000000000e+00
2.105000000000000000e+03	1.980214706175582595e+00	0.000000000000000000e+00
2.110000000000000000e+03	1.980060073344474425e+00	0.000000000000000000e+00
2.115000000000000000e+03	1.979905204640841632e+00	0.000000000000000000e+00
2.120000000000000000e+03	1.979750098990716189e+00	0.000000000000000000e+00
2.125000000000000000e+03	1.979594755331777201e+00	0.000000000000000000e+00
2.130000000000000000e+03	1.979439172613181475e+00	0.000000000000000000e+00
2.135000000000000000e+03	1.979283349795398772e+00	0.000000000000000000e+00
2.140000000000000000e+03	1.979127285850050377e+00	0.000000000000000000e+00
2.145000000000000000e+03	1.978970979759746118e+00	0.000000000000000000e+00
2.150000000000000000e+03	1.978814430517930267e+00	0.000000000000000000e+00
2.155000000000000000e+03	1.978657637128725000e+00	0.000000000000000000e+00
2.160000000000000000e+03	1.978500598606778738e+00	0.000000000000000000e+00
2.165000000000000000e+03	1.978343313977116269e+00	0.000000000000000000e+00
2.170000000000000000e+03	1.978185782274991089e+00	0.000000000000000000e+00
2.175000000000000000e+03	1.978028002545740849e+00	0.000000000000000000e+00
2.180000000000000000e+03	1.977869973844645690e+00	0.000000000000000000e+00
2.185000000000000000e+03	1.977711695236785028e+00	0.000000000000000000e+00
2.190000000000000000e+03	1.977553165796903212e+00	0.000000000000000000e+00
2.195000000000000000e+03	1.977394384609270750e+00	0.000000000000000000e+00
2.200000000000000000e+03	1.977235350767552413e+00	0.000000000000000000e+00
2.205000000000000000e+03	1.977076063374675341e+00	0.000000000000000000e+00
2.210000000000000000e+03	1.976916521542697813e+00	0.000000000000000000e+00
2.215000000000000000e+03	1.976756724392685571e+00	0.000000000000000000e+00
2.220000000000000000e+03	1.976596671054582366e+00	0.000000000000000000e+00
2.225000000000000000e+03	1.976436360667089831e+00	0.000000000000000000e+00
2.230000000000000000e+03	1.976275792377543805e+00	0.000000000000000000e+00
2.235000000000000000e+03	1.976114965341796204e+00	0.000000000000000000e+00
2.240000000000000000e+03	1.975953878724096668e+00	0.000000000000000000e+00
2.245000000000000000e+03	1.975792531696977106e+00	0.000000000000000000e+00
2.250000000000000000e+03	1.975630923441137332e+00	0.000000000000000000e+00
2.255000000000000000e+03	1.975469053145333831e+00	0.000000000000000000e+00
2.260000000000000000e+03	1.975306920006266953e+00	0.000000000000000000e+00
2.265000000000000000e+03	1.975144523228475224e+00	0.000000000000000000e+00
2.270000000000000000e+03	1.974981862024226320e+00	0.000000000000000000e+00
2.275000000000000000e+03	1.974818935613412041e+00	0.000000000000000000e+00
2.280000000000000000e+03	1.974655743223444393e+00	0.000000000000000000e+00
2.285000000000000000e+03	1.974492284089153005e+00	0.000000000000000000e+00
2.290000000000000000e+03	1.974328557452686983e+00	0.000000000000000000e+00
2.295000000000000000e+03	1.974164562563412328e+00	0.000000000000000000e+00
2.300000000000000000e+03	1.974000298677815568e+00	0.000000000000000000e+00
2.305000000000000000e+03	1.973835765059409386e+00	0.000000000000000000e+00
2.310000000000000000e+03	1.973670960978636035e+00	0.000000000000000000e+00
2.315000000000000000e+03	1.973505885712774521e+00	0.000000000000000000e+00
2.320000000000000000e+03	1.973340538545849121e+00	0.000000000000000000e+00
2.325000000000000000e+03	1.973174918768539232e+00	0.000000000000000000e+00
2.330000000000000000e+03	1.973009025678089445e+00	0.000000000000000000e+00
2.335000000000000000e+03	1.972842858578222947e+00	0.000000000000000000e+00
2.340000000000000000e+03	1.972676416779054476e+00	0.000000000000000000e+00
2.345000000000000000e+03	1.972509699597005062e+00	0.000000000000000000e+00
2.350000000000000000e+03	1.972342706354718977e+00	0.000000000000000000e+00
2.355000000000000000e+03	1.972175436380980917e+00	0.000000000000000000e+00
2.360000000000000000e+03	1.972007889010633175e+00	0.000000000000000000e+00
2.365000000000000000e+03	1.971840063584498370e+00	0.000000000000000000e+00
2.370000000000000000e+03	1.971671959449297962e+00	0.000000000000000000e+00
2.375000000000000000e+03	1.971503575957575638e+00	0.000000000000000000e+00
2.380000000000000000e+03	1.971334912467620937e+00	0.000000000000000000e+00
2.385000000000000000e+03	1.971165968343392638e+00	0.000000000000000000e+00
2.390000000000000000e+03	1.970996742954445491e+00	0.000000000000000000e+00
2.395000000000000000e+03	1.970827235675856048e+00	0.000000000000000000e+00
2.400000000000000000e+03	1.970657445888150727e+00	0.000000000000000000e+00
2.405000000000000000e+03	1.970487372977235863e+00	0.000000000000000000e+00
2.410000000000000000e+03	1.970317016334324878e+00	0.000000000000000000e+00
2.415000000000000000e+03	1.970146375355871893e+00	0.000000000000000000e+00
2.420000000000000000e+03	1.969975449443501558e+00	0.000000000000000000e+00
2.425000000000000000e+03	1.969804238003943109e+00	0.000000000000000000e+00
2.430000000000000000e+03	1.969632740448964192e+00	0.000000000000000000e+00
2.435000000000000000e+03	1.969460956195304702e+00	0.000000000000000000e+00
2.440000000000000000e+03	1.969288884664613049e+00	0.000000000000000000e+00
2.445000000000000000e+03	1.969116525283383323e+00	0.000000000000000000e+00
2.450000000000000000e+03	1.968943877482892235e+00	0.000000000000000000e+00
2.455000000000000000e+03	1.968770940699138050e+00	0.000000000000000000e+00
2.460000000000000000e+03	1.968597714372778196e+00	0.000000000000000000e+00
2.465000000000000000e+03	1.968424197949072196e+00	0.000000000000000000e+00
2.470000000000000000e+03	1.968250390877820166e+00	0.000000000000000000e+00
2.475000000000000000e+03	1.968076292613306633e+00	0.000000000000000000e+00
2.480000000000000000e+03	1.967901902614242138e+00	0.000000000000000000e+00
2.485000000000000000e+03	1.967727220343705952e+00	0.000000000000000000e+00
2.490000000000000000e+03	1.967552245269093003e+00	0.000000000000000000e+00
2.495000000000000000e+03	1.967376976862055926e+00	0.000000000000000000e+00
2.500000000000000000e+03	1.967201414598452436e+00	0.000000000000000000e+00
2.505000000000000000e+03	1.967025557958292481e+00	0.000000000000000000e+00
2.510000000000000000e+03	1.966849406425684066e+00	0.000000000000000000e+00
2.515000000000000000e+03	1.966672959488781736e+00	0.000000000000000000e+00
2.520000000000000000e+03	1.966496216639736838e+00	0.000000000000000000e+00
2.525000000000000000e+03	1.966319177374644456e+00	0.000000000000000000e+00
2.530000000000000000e+03	1.966141841193496331e+00	0.000000000000000000e+00
2.535000000000000000e+03	1.965964207600129576e+00	0.000000000000000000e+00
2.540000000000000000e+03	1.965786276102179153e+00	0.000000000000000000e+00
2.545000000000000000e+03	1.965608046211030357e+00	0.000000000000000000e+00
2.550000000000000000e+03	1.965429517441770857e+00	0.000000000000000000e+00
2.555000000000000000e+03	1.965250689313144949e+00	0.000000000000000000e+00
2.560000000000000000e+03	1.965071561347507378e+00	0.000000000000000000e+00
2.565000000000000000e+03	1.964892133070778701e+00	0.000000000000000000e+00
2.570000000000000000e+03	1.964712404012399105e+00	0.000000000000000000e+00
2.575000000000000000e+03	1.964532373705286661e+00	0.000000000000000000e+00
2.580000000000000000e+03	1.964352041685791805e+00	0.000000000000000000e+00
2.585000000000000000e+03	1.964171407493656041e+00	0.000000000000000000e+00
2.590000000000000000e+03	1.963990470671969080e+00	0.000000000000000000e+00
2.595000000000000000e+03	1.963809230767126879e+00	0.000000000000000000e+00
2.600000000000000000e+03	1.963627687328790783e+00	0.000000000000000000e+00
2.605000000000000000e+03	1.963445839909847335e+00	0.000000000000000000e+00
2.610000000000000000e+03	1.963263688066368307e+00	0.000000000000000000e+00
2.615000000000000000e+03	1.963081231357569845e+00	0.000000000000000000e+00
2.620000000000000000e+03	1.962898469345775165e+00	0.000000000000000000e+00
2.625000000000000000e+03	1.962715401596375475e+00	0.000000000000000000e+00
2.630000000000000000e+03	1.962532027677792223e+00	0.000000000000000000e+00
2.635000000000000000e+03	1.962348347161438911e+00	0.000000000000000000e+00
2.640000000000000000e+03	1.962164359621684673e+00	0.000000000000000000e+00
2.645000000000000000e+03	1.961980064635818533e+00	0.000000000000000000e+00
2.650000000000000000e+03	1.961795461784012762e+00	0.000000000000000000e+00
2.655000000000000000e+03	1.961610550649286244e+00	0.000000000000000000e+00
2.660000000000000000e+03	1.961425330817471835e+00	0.000000000000000000e+00
2.665000000000000000e+03	1.961239801877179945e+00	0.000000000000000000e+00
2.670000000000000000e+03	1.961053963419765234e+00	0.000000000000000000e+00
2.675000000000000000e+03	1.960867815039292195e+00	0.000000000000000000e+00
2.680000000000000000e+03	1.960681356332503622e+00	0.000000000000000000e+00
2.685000000000000000e+03	1.960494586898785530e+00	0.000000000000000000e+00
2.690000000000000000e+03	1.960307506340135397e+00	0.000000000000000000e+00
2.695000000000000000e+03	1.960120114261132196e+00	0.000000000000000000e+00
2.700000000000000000e+03	1.959932410268901748e+00	0.000000000000000000e+00
2.705000000000000000e+03	1.959744393973088306e+00	0.000000000000000000e+00
2.710000000000000000e+03	1.959556064985821466e+00	0.000000000000000000e+00
2.715000000000000000e+03	1.959367422921687973e+00	0.000000000000000000e+00
2.720000000000000000e+03	1.959178467397699741e+00	0.000000000000000000e+00
2.725000000000000000e+03	1.958989198033266099e+00	0.000000000000000000e+00
2.730000000000000000e+03	1.958799614450162929e+00	0.000000000000000000e+00
2.735000000000000000e+03	1.958609716272505352e+00	0.000000000000000000e+00
2.740000000000000000e+03	1.958419503126717753e+00	0.000000000000000000e+00
2.745000000000000000e+03	1.958228974641507358e+00	0.000000000000000000e+00
2.750000000000000000e+03	1.958038130447834257e+00	0.000000000000000000e+00
2.755000000000000000e+03	1.957846970178886536e+00	0.000000000000000000e+00
2.760000000000000000e+03	1.957655493470050967e+00	0.000000000000000000e+00
2.765000000000000000e+03	1.957463699958888137e+00	0.000000000000000000e+00
2.770000000000000000e+03	1.957271589285104252e+00	0.000000000000000000e+00
2.775000000000000000e+03	1.957079161090526709e+00	0.000000000000000000e+00
2.780000000000000000e+03	1.956886415019077452e+00	0.000000000000000000e+00
2.785000000000000000e+03	1.956693350716747881e+00	0.000000000000000000e+00
2.790000000000000000e+03	1.956499967831573317e+00	0.000000000000000000e+00
2.795000000000000000e+03	1.956306266013608131e+00	0.000000000000000000e+00
2.800000000000000000e+03	1.956112244914903098e+00	0.000000000000000000e+00
2.805000000000000000e+03	1.955917904189478751e+00	0.000000000000000000e+00
2.810000000000000000e+03	1.955723243493302066e+00	0.000000000000000000e+00
2.815000000000000000e+03	1.955528262484264035e+00	0.000000000000000000e+00
2.820000000000000000e+03	1.955332960822155908e+00	0.000000000000000000e+00
2.825000000000000000e+03	1.955137338168645433e+00	0.000000000000000000e+00
2.830000000000000000e+03	1.954941394187254433e+00	0.000000000000000000e+00
2.835000000000000000e+03	1.954745128543337040e+00	0.000000000000000000e+00
2.840000000000000000e+03	1.954548540904056830e+00	0.000000000000000000e+00
2.845000000000000000e+03	1.954351630938365059e+00	0.000000000000000000e+00
2.850000000000000000e+03	1.954154398316978236e+00	0.000000000000000000e+00
2.855000000000000000e+03	1.953956842712359698e+00	0.000000000000000000e+00
2.860000000000000000e+03	1.953758963798694070e+00	0.000000000000000000e+00
2.865000000000000000e+03	1.953560761251869726e+00	0.000000000000000000e+00
2.870000000000000000e+03	1.953362234749456805e+00	0.000000000000000000e+00
2.875000000000000000e+03	1.953163383970687450e+00	0.000000000000000000e+00
2.880000000000000000e+03	1.952964208596434936e+00	0.000000000000000000e+00
2.885000000000000000e+03	1.952764708309194575e+00	0.000000000000000000e+00
2.890000000000000000e+03	1.952564882793063061e+00	0.000000000000000000e+00
2.895000000000000000e+03	1.952364731733720493e+00	0.000000000000000000e+00
2.900000000000000000e+03	1.952164254818409495e+00	0.000000000000000000e+00
2.905000000000000000e+03	1.951963451735918120e+00	0.000000000000000000e+00
2.910000000000000000e+03	1.951762322176559650e+00	0.000000000000000000e+00
2.915000000000000000e+03	1.951560865832153935e+00	0.000000000000000000e+00
2.920000000000000000e+03	1.951359082396010525e+00	0.000000000000000000e+00
2.925000000000000000e+03	1.951156971562910014e+00	0.000000000000000000e+00
2.930000000000000000e+03	1.950954533029084503e+00	0.000000000000000000e+00
2.935000000000000000e+03	1.950751766492202721e+00	0.000000000000000000e+00
2.940000000000000000e+03	1.950548671651350707e+00	0.000000000000000000e+00
2.945000000000000000e+03	1.950345248207015381e+00	0.000000000000000000e+00
2.950000000000000000e+03	1.950141495861066554e+00	0.000000000000000000e+00
2.955000000000000000e+03	1.949937414316740947e+00	0.000000000000000000e+00
2.960000000000000000e+03	1.949733003278625754e+00	0.000000000000000000e+00
2.965000000000000000e+03	1.949528262452641325e+00	0.000000000000000000e+00
2.970000000000000000e+03	1.949323191546025402e+00	0.000000000000000000e+00
2.975000000000000000e+03	1.949117790267316463e+00	0.000000000000000000e+00
2.980000000000000000e+03	1.948912058326338625e+00	0.000000000000000000e+00
2.985000000000000000e+03	1.948705995434186100e+00	0.000000000000000000e+00
2.990000000000000000e+03	1.948499601303205875e+00	0.000000000000000000e+00
2.995000000000000000e+03	1.948292875646984834e+00	0.000000000000000000e+00
3.000000000000000000e+03	1.948085818180331996e+00	0.000000000000000000e+00
3.005000000000000000e+03	1.947878428619266300e+00	0.000000000000000000e+00
3.010000000000000000e+03	1.947670706680999286e+00	0.000000000000000000e+00
3.015000000000000000e+03	1.947462652083922219e+00	0.000000000000000000e+00
3.020000000000000000e+03	1.947254264547589431e+00	0.000000000000000000e+00
3.025000000000000000e+03	1.947045543792706779e+00	0.000000000000000000e+00
3.030000000000000000e+03	1.946836489541115434e+00	0.000000000000000000e+00
3.035000000000000000e+03	1.946627101515778557e+00	0.000000000000000000e+00
3.040000000000000000e+03	1.946417379440766204e+00	0.000000000000000000e+00
3.045000000000000000e+03	1.946207323041245107e+00	0.000000000000000000e+00
3.050000000000000000e+03	1.945996932043460026e+00	0.000000000000000000e+00
3.055000000000000000e+03	1.945786206174725086e+00	0.000000000000000000e+00
3.060000000000000000e+03	1.945575145163407127e+00	0.000000000000000000e+00
3.065000000000000000e+03	1.945363748738915266e+00	0.000000000000000000e+00
3.070000000000000000e+03	1.945152016631684910e+00	0.000000000000000000e+00
3.075000000000000000e+03	1.944939948573167987e+00	0.000000000000000000e+00
3.080000000000000000e+03	1.944727544295818289e+00	0.000000000000000000e+00
3.085000000000000000e+03	1.944514803533079705e+00	0.000000000000000000e+00
3.090000000000000000e+03	1.944301726019373566e+00	0.000000000000000000e+00
3.095000000000000000e+03	1.944088311490086429e+00	0.000000000000000000e+00
3.100000000000000000e+03	1.943874559681558090e+00	0.000000000000000000e+00
3.105000000000000000e+03	1.943660470331068923e+00	0.000000000000000000e+00
3.110000000000000000e+03	1.943446043176829452e+00	0.000000000000000000e+00
3.115000000000000000e+03	1.943231277957967018e+00	0.000000000000000000e+00
3.120000000000000000e+03	1.943016174414514685e+00	0.000000000000000000e+00
3.125000000000000000e+03	1.942800732287400356e+00	0.000000000000000000e+00
3.130000000000000000e+03	1.942584951318435005e+00	0.000000000000000000e+00
3.135000000000000000e+03	1.942368831250300909e+00	0.000000000000000000e+00
3.140000000000000000e+03	1.942152371826541435e+00	0.000000000000000000e+00
3.145000000000000000e+03	1.941935572791548825e+00	0.000000000000000000e+00
3.150000000000000000e+03	1.941718433890555318e+00	0.000000000000000000e+00
3.155000000000000000e+03	1.941500954869620044e+00	0.000000000000000000e+00
3.160000000000000000e+03	1.941283135475619703e+00	0.000000000000000000e+00
3.165000000000000000e+03	1.941064975456238129e+00	0.000000000000000000e+00
3.170000000000000000e+03	1.940846474559954959e+00	0.000000000000000000e+00
3.175000000000000000e+03	1.940627632536036096e+00	0.000000000000000000e+00
3.180000000000000000e+03	1.940408449134523705e+00	0.000000000000000000e+00
3.185000000000000000e+03	1.940188924106224677e+00	0.000000000000000000e+00
3.190000000000000000e+03	1.939969057202702629e+00	0.000000000000000000e+00
3.195000000000000000e+03	1.939748848176266360e+00	0.000000000000000000e+00
3.200000000000000000e+03	1.939528296779960748e+00	0.000000000000000000e+00
3.205000000000000000e+03	1.939307402767557198e+00	0.000000000000000000e+00
3.210000000000000000e+03	1.939086165893543434e+00	0.000000000000000000e+00
3.215000000000000000e+03	1.938864585913115057e+00	0.000000000000000000e+00
3.220000000000000000e+03	1.938642662582164888e+00	0.000000000000000000e+00
3.225000000000000000e+03	1.938420395657274975e+00	0.000000000000000000e+00
3.230000000000000000e+03	1.938197784895706599e+00	0.000000000000000000e+00
3.235000000000000000e+03	1.937974830055390507e+00	0.000000000000000000e+00
3.240000000000000000e+03	1.937751530894919805e+00	0.000000000000000000e+00
3.245000000000000000e+03	1.937527887173539076e+00	0.000000000000000000e+00
3.250000000000000000e+03	1.937303898651137057e+00	0.000000000000000000e+00
3.255000000000000000e+03	1.937079565088237088e+00	0.000000000000000000e+00
3.260000000000000000e+03	1.936854886245988450e+00	0.000000000000000000e+00
3.265000000000000000e+03	1.936629861886158155e+00	0.000000000000000000e+00
3.270000000000000000e+03	1.936404491771122061e+00	0.000000000000000000e+00
3.275000000000000000e+03	1.936178775663857321e+00	0.000000000000000000e+00
3.280000000000000000e+03	1.935952713327933283e+00	0.000000000000000000e+00
3.285000000000000000e+03	1.935726304527503050e+00	0.000000000000000000e+00
3.290000000000000000e+03	1.935499549027296373e+00	0.000000000000000000e+00
3.295000000000000000e+03	1.935272446592610995e+00	0.000000000000000000e+00
3.300000000000000000e+03	1.935044996989303767e+00	0.000000000000000000e+00
3.305000000000000000e+03	1.934817199983785097e+00	0.000000000000000000e+00
3.310000000000000000e+03	1.934589055343008956e+00	0.000000000000000000e+00
3.315000000000000000e+03	1.934360562834465558e+00	0.000000000000000000e+00
3.320000000000000000e+03	1.934131722226174910e+00	0.000000000000000000e+00
3.325000000000000000e+03	1.933902533286677938e+00	0.000000000000000000e+00
3.330000000000000000e+03	1.933672995785029158e+00	0.000000000000000000e+00
3.335000000000000000e+03	1.933443109490790013e+00	0.000000000000000000e+00
3.340000000000000000e+03	1.933212874174020213e+00	0.000000000000000000e+00
3.345000000000000000e+03	1.932982289605272186e+00	0.000000000000000000e+00
3.350000000000000000e+03	1.932751355555581751e+00	0.000000000000000000e+00
3.355000000000000000e+03	1.932520071796463679e+00	0.000000000000000000e+00
3.360000000000000000e+03	1.932288438099901251e+00	0.000000000000000000e+00
3.365000000000000000e+03	1.932056454238342047e+00	0.000000000000000000e+00
3.370000000000000000e+03	1.931824119984689503e+00	0.000000000000000000e+00
3.375000000000000000e+03	1.931591435112297361e+00	0.000000000000000000e+00
3.380000000000000000e+03	1.931358399394960790e+00	0.000000000000000000e+00
3.385000000000000000e+03	1.931125012606911717e+00	0.000000000000000000e+00
3.390000000000000000e+03	1.930891274522810841e+00	0.000000000000000000e+00
3.395000000000000000e+03	1.930657184917741409e+00	0.000000000000000000e+00
3.400000000000000000e+03	1.930422743567203225e+00	0.000000000000000000e+00
3.405000000000000000e+03	1.930187950247105100e+00	0.000000000000000000e+00
3.410000000000000000e+03	1.929952804733759075e+00	0.000000000000000000e+00
3.415000000000000000e+03	1.929717306803873766e+00	0.000000000000000000e+00
3.420000000000000000e+03	1.929481456234548364e+00	0.000000000000000000e+00
3.425000000000000000e+03	1.929245252803266863e+00	0.000000000000000000e+00
3.430000000000000000e+03	1.929008696287889624e+00	0.000000000000000000e+00
3.435000000000000000e+03	1.928771786466650484e+00	0.000000000000000000e+00
3.440000000000000000e+03	1.928534523118147881e+00	0.000000000000000000e+00
3.445000000000000000e+03	1.928296906021340629e+00	0.000000000000000000e+00
3.450000000000000000e+03	1.928058934955540815e+00	0.000000000000000000e+00
3.455000000000000000e+03	1.927820609700409360e+00	0.000000000000000000e+00
3.460000000000000000e+03	1.927581930035947577e+00	0.000000000000000000e+00
3.465000000000000000e+03	1.927342895742494289e+00	0.000000000000000000e+00
3.470000000000000000e+03	1.927103506600718497e+00	0.000000000000000000e+00
3.475000000000000000e+03	1.926863762391612944e+00	0.000000000000000000e+00
3.480000000000000000e+03	1.926623662896490785e+00	0.000000000000000000e+00
3.485000000000000000e+03	1.926383207896978256e+00	0.000000000000000000e+00
3.490000000000000000e+03	1.926142397175009124e+00	0.000000000000000000e+00
3.495000000000000000e+03	1.925901230512819362e+00	0.000000000000000000e+00
3.500000000000000000e+03	1.925659707692943368e+00	0.000000000000000000e+00
3.505000000000000000e+03	1.925417828498206196e+00	0.000000000000000000e+00
3.510000000000000000e+03	1.925175592711718453e+00	0.000000000000000000e+00
3.515000000000000000e+03	1.924933000116872739e+00	0.000000000000000000e+00
3.520000000000000000e+03	1.924690050497337213e+00	0.000000000000000000e+00
3.525000000000000000e+03	1.924446743637050483e+00	0.000000000000000000e+00
3.530000000000000000e+03	1.924203079320216503e+00	0.000000000000000000e+00
3.535000000000000000e+03	1.923959057331298794e+00	0.000000000000000000e+00
3.540000000000000000e+03	1.923714677455016675e+00	0.000000000000000000e+00
3.545000000000000000e+03	1.923469939476339929e+00	0.000000000000000000e+00
3.550000000000000000e+03	1.923224843180483257e+00	0.000000000000000000e+00
3.555000000000000000e+03	1.922979388352900720e+00	0.000000000000000000e+00
3.560000000000000000e+03	1.922733574779282639e+00	0.000000000000000000e+00
3.565000000000000000e+03	1.922487402245549371e+00	0.000000000000000000e+00
3.570000000000000000e+03	1.922240870537847535e+00	0.000000000000000000e+00
3.575000000000000000e+03	1.921993979442543798e+00	0.000000000000000000e+00
3.580000000000000000e+03	1.921746728746221322e+00	0.000000000000000000e+00
3.585000000000000000e+03	1.921499118235674874e+00	0.000000000000000000e+00
3.590000000000000000e+03	1.921251147697905948e+00	0.000000000000000000e+00
3.595000000000000000e+03	1.921002816920118539e+00	0.000000000000000000e+00
3.600000000000000000e+03	1.920754125689713820e+00	0.000000000000000000e+00
3.605000000000000000e+03	1.920505073794285922e+00	0.000000000000000000e+00
3.610000000000000000e+03	1.920255661021618376e+00	0.000000000000000000e+00
3.615000000000000000e+03	1.920005887159678348e+00	0.000000000000000000e+00
3.620000000000000000e+03	1.919755751996612858e+00	0.000000000000000000e+00
3.625000000000000000e+03	1.919505255320744341e+00	0.000000000000000000e+00
3.630000000000000000e+03	1.919254396920565764e+00	0.000000000000000000e+00
3.635000000000000000e+03	1.919003176584738179e+00	0.000000000000000000e+00
3.640000000000000000e+03	1.918751594102083846e+00	0.000000000000000000e+00
3.645000000000000000e+03	1.918499649261582896e+00	0.000000000000000000e+00
3.650000000000000000e+03	1.918247341852371335e+00	0.000000000000000000e+00
3.655000000000000000e+03	1.917994671663733053e+00	0.000000000000000000e+00
3.660000000000000000e+03	1.917741638485098710e+00	0.000000000000000000e+00
3.665000000000000000e+03	1.917488242106040408e+00	0.000000000000000000e+00
3.670000000000000000e+03	1.917234482316267474e+00	0.000000000000000000e+00
3.675000000000000000e+03	1.916980358905623349e+00	0.000000000000000000e+00
3.680000000000000000e+03	1.916725871664080483e+00	0.000000000000000000e+00
3.685000000000000000e+03	1.916471020381736778e+00	0.000000000000000000e+00
3.690000000000000000e+03	1.916215804848812265e+00	0.000000000000000000e+00
3.695000000000000000e+03	1.915960224855644434e+00	0.000000000000000000e+00
3.700000000000000000e+03	1.915704280192684239e+00	0.000000000000000000e+00
3.705000000000000000e+03	1.915447970650493437e+00	0.000000000000000000e+00
3.710000000000000000e+03	1.915191296019739475e+00	0.000000000000000000e+00
3.715000000000000000e+03	1.914934256091191944e+00	0.000000000000000000e+00
3.720000000000000000e+03	1.914676850655719687e+00	0.000000000000000000e+00
3.725000000000000000e+03	1.914419079504285248e+00	0.000000000000000000e+00
3.730000000000000000e+03	1.914160942427943768e+00	0.000000000000000000e+00
3.735000000000000000e+03	1.913902439217838092e+00	0.000000000000000000e+00
3.740000000000000000e+03	1.913643569665193223e+00	0.000000000000000000e+00
3.745000000000000000e+03	1.913384333561315875e+00	0.000000000000000000e+00
3.750000000000000000e+03	1.913124730697589149e+00	0.000000000000000000e+00
3.755000000000000000e+03	1.912864760865469416e+00	0.000000000000000000e+00
3.760000000000000000e+03	1.912604423856482772e+00	0.000000000000000000e+00
3.765000000000000000e+03	1.912343719462220593e+00	0.000000000000000000e+00
3.770000000000000000e+03	1.912082647474337760e+00	0.000000000000000000e+00
3.775000000000000000e+03	1.911821207684547996e+00	0.000000000000000000e+00
3.780000000000000000e+03	1.911559399884621646e+00	0.000000000000000000e+00
3.785000000000000000e+03	1.911297223866379902e+00	0.000000000000000000e+00
3.790000000000000000e+03	1.911034679421694138e+00	0.000000000000000000e+00
3.795000000000000000e+03	1.910771766342481026e+00	0.000000000000000000e+00
3.800000000000000000e+03	1.910508484420699649e+00	0.000000000000000000e+00
3.805000000000000000e+03	1.910244833448348167e+00	0.000000000000000000e+00
3.810000000000000000e+03	1.909980813217460049e+00	0.000000000000000000e+00
3.815000000000000000e+03	1.909716423520102069e+00	0.000000000000000000e+00
3.820000000000000000e+03	1.909451664148369199e+00	0.000000000000000000e+00
3.825000000000000000e+03	1.909186534894383946e+00	0.000000000000000000e+00
3.830000000000000000e+03	1.908921035550290801e+00	0.000000000000000000e+00
3.835000000000000000e+03	1.908655165908253570e+00	0.000000000000000000e+00
3.840000000000000000e+03	1.908388925760453825e+00	0.000000000000000000e+00
3.845000000000000000e+03	1.908122314899085792e+00	0.000000000000000000e+00
3.850000000000000000e+03	1.907855333116354135e+00	0.000000000000000000e+00
3.855000000000000000e+03	1.907587980204471734e+00	0.000000000000000000e+00
3.860000000000000000e+03	1.907320255955653909e+00	0.000000000000000000e+00
3.865000000000000000e+03	1.907052160162119758e+00	0.000000000000000000e+00
3.870000000000000000e+03	1.906783692616084380e+00	0.000000000000000000e+00
3.875000000000000000e+03	1.906514853109759544e+00	0.000000000000000000e+00
3.880000000000000000e+03	1.906245641435348359e+00	0.000000000000000000e+00
3.885000000000000000e+03	1.905976057385044387e+00	0.000000000000000000e+00
3.890000000000000000e+03	1.905706100751026311e+00	0.000000000000000000e+00
3.895000000000000000e+03	1.905435771325457939e+00	0.000000000000000000e+00
3.900000000000000000e+03	1.905165068900481984e+00	0.000000000000000000e+00
3.905000000000000000e+03	1.904893993268219843e+00	0.000000000000000000e+00
3.910000000000000000e+03	1.904622544220768710e+00	0.000000000000000000e+00
3.915000000000000000e+03	1.904350721550195802e+00	0.000000000000000000e+00
3.920000000000000000e+03	1.904078525048539694e+00	0.000000000000000000e+00
3.925000000000000000e+03	1.903805954507804099e+00	0.000000000000000000e+00
3.930000000000000000e+03	1.903533009719957203e+00	0.000000000000000000e+00
3.935000000000000000e+03	1.903259690476927890e+00	0.000000000000000000e+00
3.940000000000000000e+03	1.902985996570603522e+00	0.000000000000000000e+00
3.945000000000000000e+03	1.902711927792826829e+00	0.000000000000000000e+00
3.950000000000000000e+03	1.902437483935392804e+00	0.000000000000000000e+00
3.955000000000000000e+03	1.902162664790048030e+00	0.000000000000000000e+00
3.960000000000000000e+03	1.901887470148485360e+00	0.000000000000000000e+00
3.965000000000000000e+03	1.901611899802343020e+00	0.000000000000000000e+00
3.970000000000000000e+03	1.901335953543200841e+00	0.000000000000000000e+00
3.975000000000000000e+03	1.901059631162578922e+00	0.000000000000000000e+00
3.980000000000000000e+03	1.900782932451934082e+00	0.000000000000000000e+00
3.985000000000000000e+03	1.900505857202658078e+00	0.000000000000000000e+00
3.990000000000000000e+03	1.900228405206073612e+00	0.000000000000000000e+00
3.995000000000000000e+03	1.899950576253433221e+00	0.000000000000000000e+00
4.000000000000000000e+03	1.899672370135915944e+00	0.000000000000000000e+00
4.005000000000000000e+03	1.899393786644625770e+00	0.000000000000000000e+00
4.010000000000000000e+03	1.899114825570586973e+00	0.000000000000000000e+00
4.015000000000000000e+03	1.898835486704744557e+00	0.000000000000000000e+00
4.020000000000000000e+03	1.898555769837959817e+00	0.000000000000000000e+00
4.025000000000000000e+03	1.898275674761008114e+00	0.000000000000000000e+00
4.030000000000000000e+03	1.897995201264576881e+00	0.000000000000000000e+00
4.035000000000000000e+03	1.897714349139262513e+00	0.000000000000000000e+00
4.040000000000000000e+03	1.897433118175569700e+00	0.000000000000000000e+00
4.045000000000000000e+03	1.897151508163906319e+00	0.000000000000000000e+00
4.050000000000000000e+03	1.896869518894582995e+00	0.000000000000000000e+00
4.055000000000000000e+03	1.896587150157811097e+00	0.000000000000000000e+00
4.060000000000000000e+03	1.896304401743697410e+00	0.000000000000000000e+00
4.065000000000000000e+03	1.896021273442246580e+00	0.000000000000000000e+00
4.070000000000000000e+03	1.895737765043353562e+00	0.000000000000000000e+00
4.075000000000000000e+03	1.895453876336805177e+00	0.000000000000000000e+00
4.080000000000000000e+03	1.895169607112276555e+00	0.000000000000000000e+00
4.085000000000000000e+03	1.894884957159328254e+00	0.000000000000000000e+00
4.090000000000000000e+03	1.894599926267403811e+00	0.000000000000000000e+00
4.095000000000000000e+03	1.894314514225829527e+00	0.000000000000000000e+00
4.100000000000000000e+03	1.894028720823810019e+00	0.000000000000000000e+00
4.105000000000000000e+03	1.893742545850426007e+00	0.000000000000000000e+00
4.110000000000000000e+03	1.893455989094634528e+00	0.000000000000000000e+00
4.115000000000000000e+03	1.893169050345264059e+00	0.000000000000000000e+00
4.120000000000000000e+03	1.892881729391012735e+00	0.000000000000000000e+00
4.125000000000000000e+03	1.892594026020447240e+00	0.000000000000000000e+00
4.130000000000000000e+03	1.892305940022000588e+00	0.000000000000000000e+00
4.135000000000000000e+03	1.892017471183968347e+00	0.000000000000000000e+00
4.140000000000000000e+03	1.891728619294508196e+00	0.000000000000000000e+00
4.145000000000000000e+03	1.891439384141637037e+00	0.000000000000000000e+00
4.150000000000000000e+03	1.891149765513228997e+00	0.000000000000000000e+00
4.155000000000000000e+03	1.890859763197012766e+00	0.000000000000000000e+00
4.160000000000000000e+03	1.890569376980570260e+00	0.000000000000000000e+00
4.165000000000000000e+03	1.890278606651334625e+00	0.000000000000000000e+00
4.170000000000000000e+03	1.889987451996587131e+00	0.000000000000000000e+00
4.175000000000000000e+03	1.889695912803456057e+00	0.000000000000000000e+00
4.180000000000000000e+03	1.889403988858913808e+00	0.000000000000000000e+00
4.185000000000000000e+03	1.889111679949775358e+00	0.000000000000000000e+00
4.190000000000000000e+03	1.888818985862696920e+00	0.000000000000000000e+00
4.195000000000000000e+03	1.888525906384171726e+00	0.000000000000000000e+00
4.200000000000000000e+03	1.888232441300530029e+00	0.000000000000000000e+00
4.205000000000000000e+03	1.887938590397936656e+00	0.000000000000000000e+00
4.210000000000000000e+03	1.887644353462388347e+00	0.000000000000000000e+00
4.215000000000000000e+03	1.887349730279712423e+00	0.000000000000000000e+00
4.220000000000000000e+03	1.887054720635563898e+00	0.000000000000000000e+00
4.225000000000000000e+03	1.886759324315424813e+00	0.000000000000000000e+00
4.230000000000000000e+03	1.886463541104600905e+00	0.000000000000000000e+00
4.235000000000000000e+03	1.886167370788220943e+00	0.000000000000000000e+00
4.240000000000000000e+03	1.885870813151233172e+00	0.000000000000000000e+00
4.245000000000000000e+03	1.885573867978404650e+00	0.000000000000000000e+00
4.250000000000000000e+03	1.885276535054319469e+00	0.000000000000000000e+00
4.255000000000000000e+03	1.884978814163375427e+00	0.000000000000000000e+00
4.260000000000000000e+03	1.884680705089783803e+00	0.000000000000000000e+00
4.265000000000000000e+03	1.884382207617565363e+00	0.000000000000000000e+00
4.270000000000000000e+03	1.884083321530550581e+00	0.000000000000000000e+00
4.275000000000000000e+03	1.883784046612376750e+00	0.000000000000000000e+00
4.280000000000000000e+03	1.883484382646485766e+00	0.000000000000000000e+00
4.285000000000000000e+03	1.883184329416123237e+00	0.000000000000000000e+00
4.290000000000000000e+03	1.882883886704334930e+00	0.000000000000000000e+00
4.295000000000000000e+03	1.882583054293966329e+00	0.000000000000000000e+00
4.300000000000000000e+03	1.882281831967661523e+00	0.000000000000000000e+00
4.305000000000000000e+03	1.881980219507858987e+00	0.000000000000000000e+00
4.310000000000000000e+03	1.881678216696791139e+00	0.000000000000000000e+00
4.315000000000000000e+03	1.881375823316482565e+00	0.000000000000000000e+00
4.320000000000000000e+03	1.881073039148747794e+00	0.000000000000000000e+00
4.325000000000000000e+03	1.880769863975189526e+00	0.000000000000000000e+00
4.330000000000000000e+03	1.880466297577197521e+00	0.000000000000000000e+00
4.335000000000000000e+03	1.880162339735945265e+00	0.000000000000000000e+00
4.340000000000000000e+03	1.879857990232389753e+00	0.000000000000000000e+00
4.345000000000000000e+03	1.879553248847268376e+00	0.000000000000000000e+00
4.350000000000000000e+03	1.879248115361098703e+00	0.000000000000000000e+00
4.355000000000000000e+03	1.878942589554174258e+00	0.000000000000000000e+00
4.360000000000000000e+03	1.878636671206566300e+00	0.000000000000000000e+00
4.365000000000000000e+03	1.878330360098117824e+00	0.000000000000000000e+00
4.370000000000000000e+03	1.878023656008445563e+00	0.000000000000000000e+00
4.375000000000000000e+03	1.877716558716935102e+00	0.000000000000000000e+00
4.380000000000000000e+03	1.877409068002742432e+00	0.000000000000000000e+00
4.385000000000000000e+03	1.877101183644789062e+00	0.000000000000000000e+00
4.390000000000000000e+03	1.876792905421762248e+00	0.000000000000000000e+00
4.395000000000000000e+03	1.876484233112111877e+00	0.000000000000000000e+00
4.400000000000000000e+03	1.876175166494050028e+00	0.000000000000000000e+00
4.405000000000000000e+03	1.875865705345549195e+00	0.000000000000000000e+00
4.410000000000000000e+03	1.875555849444339396e+00	0.000000000000000000e+00
4.415000000000000000e+03	1.875245598567907068e+00	0.000000000000000000e+00
4.420000000000000000e+03	1.874934952493493734e+00	0.000000000000000000e+00
4.425000000000000000e+03	1.874623910998093779e+00	0.000000000000000000e+00
4.430000000000000000e+03	1.874312473858453343e+00	0.000000000000000000e+00
4.435000000000000000e+03	1.874000640851067656e+00	0.000000000000000000e+00
4.440000000000000000e+03	1.873688411752180594e+00	0.000000000000000000e+00
4.445000000000000000e+03	1.873375786337782012e+00	0.000000000000000000e+00
4.450000000000000000e+03	1.873062764383606416e+00	0.000000000000000000e+00
4.455000000000000000e+03	1.872749345665131404e+00	0.000000000000000000e+00
4.460000000000000000e+03	1.872435529957575673e+00	0.000000000000000000e+00
4.465000000000000000e+03	1.872121317035897903e+00	0.000000000000000000e+00
4.470000000000000000e+03	1.871806706674794318e+00	0.000000000000000000e+00
4.475000000000000000e+03	1.871491698648697799e+00	0.000000000000000000e+00
4.480000000000000000e+03	1.871176292731776103e+00	0.000000000000000000e+00
4.485000000000000000e+03	1.870860488697929425e+00	0.000000000000000000e+00
4.490000000000000000e+03	1.870544286320789951e+00	0.000000000000000000e+00
4.495000000000000000e+03	1.870227685373719417e+00	0.000000000000000000e+00
4.500000000000000000e+03	1.869910685629807778e+00	0.000000000000000000e+00
4.505000000000000000e+03	1.869593286861871206e+00	0.000000000000000000e+00
4.510000000000000000e+03	1.869275488842451649e+00	0.000000000000000000e+00
4.515000000000000000e+03	1.868957291343813054e+00	0.000000000000000000e+00
4.520000000000000000e+03	1.868638694137941592e+00	0.000000000000000000e+00
4.525000000000000000e+03	1.868319696996544543e+00	0.000000000000000000e+00
4.530000000000000000e+03	1.868000299691045862e+00	0.000000000000000000e+00
4.535000000000000000e+03	1.867680501992587727e+00	0.000000000000000000e+00
4.540000000000000000e+03	1.867360303672027211e+00	0.000000000000000000e+00
4.545000000000000000e+03	1.867039704499934283e+00	0.000000000000000000e+00
4.550000000000000000e+03	1.866718704246592697e+00	0.000000000000000000e+00
4.555000000000000000e+03	1.866397302681994885e+00	0.000000000000000000e+00
4.560000000000000000e+03	1.866075499575843288e+00	0.000000000000000000e+00
4.565000000000000000e+03	1.865753294697547693e+00	0.000000000000000000e+00
4.570000000000000000e+03	1.865430687816223010e+00	0.000000000000000000e+00
4.575000000000000000e+03	1.865107678700689053e+00	0.000000000000000000e+00
4.580000000000000000e+03	1.864784267119467875e+00	0.000000000000000000e+00
4.585000000000000000e+03	1.864460452840782212e+00	0.000000000000000000e+00
4.590000000000000000e+03	1.864136235632555705e+00	0.000000000000000000e+00
4.595000000000000000e+03	1.863811615262408461e+00	0.000000000000000000e+00
4.600000000000000000e+03	1.863486591497657496e+00	0.000000000000000000e+00
4.605000000000000000e+03	1.863161164105315182e+00	0.000000000000000000e+00
4.610000000000000000e+03	1.862835332852086356e+00	0.000000000000000000e+00
4.615000000000000000e+03	1.862509097504367883e+00	0.000000000000000000e+00
4.620000000000000000e+03	1.862182457828247539e+00	0.000000000000000000e+00
4.625000000000000000e+03	1.861855413589500907e+00	0.000000000000000000e+00
4.630000000000000000e+03	1.861527964553590708e+00	0.000000000000000000e+00
4.635000000000000000e+03	1.861200110485666137e+00	0.000000000000000000e+00
4.640000000000000000e+03	1.860871851150559753e+00	0.000000000000000000e+00
4.645000000000000000e+03	1.860543186312786590e+00	0.000000000000000000e+00
4.650000000000000000e+03	1.860214115736543050e+00	0.000000000000000000e+00
4.655000000000000000e+03	1.859884639185704902e+00	0.000000000000000000e+00
4.660000000000000000e+03	1.859554756423825950e+00	0.000000000000000000e+00
4.665000000000000000e+03	1.859224467214136256e+00	0.000000000000000000e+00
4.670000000000000000e+03	1.858893771319541255e+00	0.000000000000000000e+00
4.675000000000000000e+03	1.858562668502619530e+00	0.000000000000000000e+00
4.680000000000000000e+03	1.858231158525621485e+00	0.000000000000000000e+00
4.685000000000000000e+03	1.857899241150467562e+00	0.000000000000000000e+00
4.690000000000000000e+03	1.857566916138748692e+00	0.000000000000000000e+00
4.695000000000000000e+03	1.857234183251721182e+00	0.000000000000000000e+00
4.700000000000000000e+03	1.856901042250308720e+00	0.000000000000000000e+00
4.705000000000000000e+03	1.856567492895098592e+00	0.000000000000000000e+00
4.710000000000000000e+03	1.856233534946341024e+00	0.000000000000000000e+00
4.715000000000000000e+03	1.855899168163948287e+00	0.000000000000000000e+00
4.720000000000000000e+03	1.855564392307491817e+00	0.000000000000000000e+00
4.725000000000000000e+03	1.855229207136202207e+00	0.000000000000000000e+00
4.730000000000000000e+03	1.854893612408966330e+00	0.000000000000000000e+00
4.735000000000000000e+03	1.854557607884326664e+00	0.000000000000000000e+00
4.740000000000000000e+03	1.854221193320480188e+00	0.000000000000000000e+00
4.745000000000000000e+03	1.853884368475274602e+00	0.000000000000000000e+00
4.750000000000000000e+03	1.853547133106211220e+00	0.000000000000000000e+00
4.755000000000000000e+03	1.853209486970438968e+00	0.000000000000000000e+00
4.760000000000000000e+03	1.852871429824755056e+00	0.000000000000000000e+00
4.765000000000000000e+03	1.852532961425604086e+00	0.000000000000000000e+00
4.770000000000000000e+03	1.852194081529074499e+00	0.000000000000000000e+00
4.775000000000000000e+03	1.851854789890899466e+00	0.000000000000000000e+00
4.780000000000000000e+03	1.851515086266453114e+00	0.000000000000000000e+00
4.785000000000000000e+03	1.851174970410751852e+00	0.000000000000000000e+00
4.790000000000000000e+03	1.850834442078449493e+00	0.000000000000000000e+00
4.795000000000000000e+03	1.850493501023838139e+00	0.000000000000000000e+00
4.800000000000000000e+03	1.850152147000846847e+00	0.000000000000000000e+00
4.805000000000000000e+03	1.849810379763038526e+00	0.000000000000000000e+00
4.810000000000000000e+03	1.849468199063610152e+00	0.000000000000000000e+00
4.815000000000000000e+03	1.849125604655389221e+00	0.000000000000000000e+00
4.820000000000000000e+03	1.848782596290835079e+00	0.000000000000000000e+00
4.825000000000000000e+03	1.848439173722034923e+00	0.000000000000000000e+00
4.830000000000000000e+03	1.848095336700704028e+00	0.000000000000000000e+00
4.835000000000000000e+03	1.847751084978183300e+00	0.000000000000000000e+00
4.840000000000000000e+03	1.847406418305437947e+00	0.000000000000000000e+00
4.845000000000000000e+03	1.847061336433057033e+00	0.000000000000000000e+00
4.850000000000000000e+03	1.846715839111250146e+00	0.000000000000000000e+00
4.855000000000000000e+03	1.846369926089847846e+00	0.000000000000000000e+00
4.860000000000000000e+03	1.846023597118298332e+00	0.000000000000000000e+00
4.865000000000000000e+03	1.845676851945668329e+00	0.000000000000000000e+00
4.870000000000000000e+03	1.845329690320639093e+00	0.000000000000000000e+00
4.875000000000000000e+03	1.844982111991507301e+00	0.000000000000000000e+00
4.880000000000000000e+03	1.844634116706181270e+00	0.000000000000000000e+00
4.885000000000000000e+03	1.844285704212181409e+00	0.000000000000000000e+00
4.890000000000000000e+03	1.843936874256637992e+00	0.000000000000000000e+00
4.895000000000000000e+03	1.843587626586289385e+00	0.000000000000000000e+00
4.900000000000000000e+03	1.843237960947481380e+00	0.000000000000000000e+00
4.905000000000000000e+03	1.842887877086165638e+00	0.000000000000000000e+00
4.910000000000000000e+03	1.842537374747896362e+00	0.000000000000000000e+00
4.915000000000000000e+03	1.842186453677832292e+00	0.000000000000000000e+00
4.920000000000000000e+03	1.841835113620731823e+00	0.000000000000000000e+00
4.925000000000000000e+03	1.841483354320954557e+00	0.000000000000000000e+00
4.930000000000000000e+03	1.841131175522457086e+00	0.000000000000000000e+00
4.935000000000000000e+03	1.840778576968792990e+00	0.000000000000000000e+00
4.940000000000000000e+03	1.840425558403112172e+00	0.000000000000000000e+00
4.945000000000000000e+03	1.840072119568157083e+00	0.000000000000000000e+00
4.950000000000000000e+03	1.839718260206263833e+00	0.000000000000000000e+00
4.955000000000000000e+03	1.839363980059359305e+00	0.000000000000000000e+00
4.960000000000000000e+03	1.839009278868958486e+00	0.000000000000000000e+00
4.965000000000000000e+03	1.838654156376167137e+00	0.000000000000000000e+00
4.970000000000000000e+03	1.838298612321674907e+00	0.000000000000000000e+00
4.975000000000000000e+03	1.837942646445758665e+00	0.000000000000000000e+00
4.980000000000000000e+03	1.837586258488277613e+00	0.000000000000000000e+00
4.985000000000000000e+03	1.837229448188674619e+00	0.000000000000000000e+00
4.990000000000000000e+03	1.836872215285971777e+00	0.000000000000000000e+00
4.995000000000000000e+03	1.836514559518771295e+00	0.000000000000000000e+00
5.000000000000000000e+03	1.836156480625253939e+00	0.000000000000000000e+00
5.005000000000000000e+03	1.835797978343176151e+00	0.000000000000000000e+00
5.010000000000000000e+03	1.835439052409869376e+00	0.000000000000000000e+00
5.015000000000000000e+03	1.835079702562238735e+00	0.000000000000000000e+00
5.020000000000000000e+03	1.834719928536761469e+00	0.000000000000000000e+00
5.025000000000000000e+03	1.834359730069485384e+00	0.000000000000000000e+00
5.030000000000000000e+03	1.833999106896027298e+00	0.000000000000000000e+00
5.035000000000000000e+03	1.833638058751572375e+00	0.000000000000000000e+00
5.040000000000000000e+03	1.833276585370871681e+00	0.000000000000000000e+00
5.045000000000000000e+03	1.832914686488240186e+00	0.000000000000000000e+00
5.050000000000000000e+03	1.832552361837556987e+00	0.000000000000000000e+00
5.055000000000000000e+03	1.832189611152263309e+00	0.000000000000000000e+00
5.060000000000000000e+03	1.831826434165360284e+00	0.000000000000000000e+00
5.065000000000000000e+03	1.831462830609408066e+00	0.000000000000000000e+00
5.070000000000000000e+03	1.831098800216524491e+00	0.000000000000000000e+00
5.075000000000000000e+03	1.830734342718382868e+00	0.000000000000000000e+00
5.080000000000000000e+03	1.830369457846211301e+00	0.000000000000000000e+00
5.085000000000000000e+03	1.830004145330791365e+00	0.000000000000000000e+00
5.090000000000000000e+03	1.829638404902455440e+00	0.000000000000000000e+00
5.095000000000000000e+03	1.829272236291087150e+00	0.000000000000000000e+00
5.100000000000000000e+03	1.828905639226117152e+00	0.000000000000000000e+00
5.105000000000000000e+03	1.828538613436524907e+00	0.000000000000000000e+00
5.110000000000000000e+03	1.828171158650834460e+00	0.000000000000000000e+00
5.115000000000000000e+03	1.827803274597114447e+00	0.000000000000000000e+00
5.120000000000000000e+03	1.827434961002976754e+00	0.000000000000000000e+00
5.125000000000000000e+03	1.827066217595573638e+00	0.000000000000000000e+00
5.130000000000000000e+03	1.826697044101597722e+00	0.000000000000000000e+00
5.135000000000000000e+03	1.826327440247279998e+00	0.000000000000000000e+00
5.140000000000000000e+03	1.825957405758387608e+00	0.000000000000000000e+00
5.145000000000000000e+03	1.825586940360224508e+00	0.000000000000000000e+00
5.150000000000000000e+03	1.825216043777626806e+00	0.000000000000000000e+00
5.155000000000000000e+03	1.824844715734963874e+00	0.000000000000000000e+00
5.160000000000000000e+03	1.824472955956136344e+00	0.000000000000000000e+00
5.165000000000000000e+03	1.824100764164573230e+00	0.000000000000000000e+00
5.170000000000000000e+03	1.823728140083232585e+00	0.000000000000000000e+00
5.175000000000000000e+03	1.823355083434597956e+00	0.000000000000000000e+00
5.180000000000000000e+03	1.822981593940679046e+00	0.000000000000000000e+00
5.185000000000000000e+03	1.822607671323006606e+00	0.000000000000000000e+00
5.190000000000000000e+03	1.822233315302636658e+00	0.000000000000000000e+00
5.195000000000000000e+03	1.821858525600143386e+00	0.000000000000000000e+00
5.200000000000000000e+03	1.821483301935619803e+00	0.000000000000000000e+00
5.205000000000000000e+03	1.821107644028677974e+00	0.000000000000000000e+00
5.210000000000000000e+03	1.820731551598445019e+00	0.000000000000000000e+00
5.215000000000000000e+03	1.820355024363562446e+00	0.000000000000000000e+00
5.220000000000000000e+03	1.819978062042184375e+00	0.000000000000000000e+00
5.225000000000000000e+03	1.819600664351977093e+00	0.000000000000000000e+00
5.230000000000000000e+03	1.819222831010116614e+00	0.000000000000000000e+00
5.235000000000000000e+03	1.818844561733287346e+00	0.000000000000000000e+00
5.240000000000000000e+03	1.818465856237680534e+00	0.000000000000000000e+00
5.245000000000000000e+03	1.818086714238992485e+00	0.000000000000000000e+00
5.250000000000000000e+03	1.817707135452424128e+00	0.000000000000000000e+00
5.255000000000000000e+03	1.817327119592677898e+00	0.000000000000000000e+00
5.260000000000000000e+03	1.816946666373958408e+00	0.000000000000000000e+00
5.265000000000000000e+03	1.816565775509967562e+00	0.000000000000000000e+00
5.270000000000000000e+03	1.816184446713906775e+00	0.000000000000000000e+00
5.275000000000000000e+03	1.815802679698473199e+00	0.000000000000000000e+00
5.280000000000000000e+03	1.815420474175858612e+00	0.000000000000000000e+00
5.285000000000000000e+03	1.815037829857747864e+00	0.000000000000000000e+00
5.290000000000000000e+03	1.814654746455317547e+00	0.000000000000000000e+00
5.295000000000000000e+03	1.814271223679234879e+00	0.000000000000000000e+00
5.300000000000000000e+03	1.813887261239654825e+00	0.000000000000000000e+00
5.305000000000000000e+03	1.813502858846220089e+00	0.000000000000000000e+00
5.310000000000000000e+03	1.813118016208058458e+00	0.000000000000000000e+00
5.315000000000000000e+03	1.812732733033781907e+00	0.000000000000000000e+00
5.320000000000000000e+03	1.812347009031485046e+00	0.000000000000000000e+00
5.325000000000000000e+03	1.811960843908743124e+00	0.000000000000000000e+00
5.330000000000000000e+03	1.811574237372609808e+00	0.000000000000000000e+00
5.335000000000000000e+03	1.811187189129618513e+00	0.000000000000000000e+00
5.340000000000000000e+03	1.810799698885776854e+00	0.000000000000000000e+00
5.345000000000000000e+03	1.810411766346568641e+00	0.000000000000000000e+00
5.350000000000000000e+03	1.810023391216949440e+00	0.000000000000000000e+00
5.355000000000000000e+03	1.809634573201347463e+00	0.000000000000000000e+00
5.360000000000000000e+03	1.809245312003660011e+00	0.000000000000000000e+00
5.365000000000000000e+03	1.808855607327253479e+00	0.000000000000000000e+00
5.370000000000000000e+03	1.808465458874959797e+00	0.000000000000000000e+00
5.375000000000000000e+03	1.808074866349078214e+00	0.000000000000000000e+00
5.380000000000000000e+03	1.807683829451370183e+00	0.000000000000000000e+00
5.385000000000000000e+03	1.807292347883058703e+00	0.000000000000000000e+00
5.390000000000000000e+03	1.806900421344828533e+00	0.000000000000000000e+00
5.395000000000000000e+03	1.806508049536823535e+00	0.000000000000000000e+00
5.400000000000000000e+03	1.806115232158642891e+00	0.000000000000000000e+00
5.405000000000000000e+03	1.805721968909343556e+00	0.000000000000000000e+00
5.410000000000000000e+03	1.805328259487435361e+00	0.000000000000000000e+00
5.415000000000000000e+03	1.804934103590881467e+00	0.000000000000000000e+00
5.420000000000000000e+03	1.804539500917095696e+00	0.000000000000000000e+00
5.425000000000000000e+03	1.804144451162941198e+00	0.000000000000000000e+00
5.430000000000000000e+03	1.803748954024728235e+00	0.000000000000000000e+00
5.435000000000000000e+03	1.803353009198213730e+00	0.000000000000000000e+00
5.440000000000000000e+03	1.802956616378599275e+00	0.000000000000000000e+00
5.445000000000000000e+03	1.802559775260528907e+00	0.000000000000000000e+00
5.450000000000000000e+03	1.802162485538087999e+00	0.000000000000000000e+00
5.455000000000000000e+03	1.801764746904801928e+00	0.000000000000000000e+00
5.460000000000000000e+03	1.801366559053633853e+00	0.000000000000000000e+00
5.465000000000000000e+03	1.800967921676982719e+00	0.000000000000000000e+00
5.470000000000000000e+03	1.800568834466683477e+00	0.000000000000000000e+00
5.475000000000000000e+03	1.800169297114001976e+00	0.000000000000000000e+00
5.480000000000000000e+03	1.799769309309638743e+00	0.000000000000000000e+00
5.485000000000000000e+03	1.799368870743720983e+00	0.000000000000000000e+00
5.490000000000000000e+03	1.798967981105806357e+00	0.000000000000000000e+00
5.495000000000000000e+03	1.798566640084877211e+00	0.000000000000000000e+00
5.500000000000000000e+03	1.798164847369342345e+00	0.000000000000000000e+00
