Average polarization				Separate polarizations
Wavelength (nm)	55.00 incidence reflectance	65.00 incidence reflectance	75.00 incidence reflectance	Wavelength (nm)	"p-Intensity, 55.00 incidence reflectance"	"s-Intensity, 55.00 incidence reflectance"	"p-Intensity, 65.00 incidence reflectance"	"s-Intensity, 65.00 incidence reflectance"	"p-Intensity, 75 incidence reflectance"	"s-Intensity, 75incidence reflectance"
192.414993	0.33542	0.391952	0.47393	192.414993	0.151643	0.519197	0.1122	0.671704	0.128841	0.819019
194.001999	0.333424	0.390219	0.470383	194.001999	0.149869	0.516979	0.110957	0.669481	0.125638	0.815128
195.589081	0.334078	0.388339	0.46854	195.589081	0.150146	0.51801	0.10944	0.667238	0.123123	0.813957
197.176178	0.334292	0.388806	0.466814	197.176178	0.149492	0.519093	0.108505	0.669106	0.119691	0.813938
198.763351	0.335567	0.38879	0.465624	198.763351	0.150992	0.520143	0.107435	0.670144	0.116868	0.814379
200.350571	0.335754	0.388393	0.46315	200.350571	0.150399	0.521109	0.106817	0.669968	0.113741	0.812559
201.937836	0.336402	0.388615	0.461826	201.937836	0.151393	0.52141	0.106154	0.671076	0.110746	0.812906
203.525162	0.339157	0.390159	0.46152	203.525162	0.153271	0.525042	0.105594	0.674725	0.107551	0.815489
205.112518	0.341613	0.391348	0.461487	205.112518	0.154142	0.529083	0.104783	0.677913	0.103809	0.819164
206.699921	0.34401	0.392898	0.461842	206.699921	0.155174	0.532846	0.10428	0.681515	0.100384	0.823299
208.287399	0.345217	0.393528	0.460198	208.287399	0.155679	0.534756	0.103033	0.684023	0.095839	0.824558
209.874908	0.345585	0.393378	0.45767	209.874908	0.155909	0.53526	0.101677	0.685079	0.091513	0.823828
211.462448	0.346749	0.393285	0.456625	211.462448	0.156196	0.537301	0.10038	0.686191	0.086625	0.826625
213.050049	0.346631	0.392225	0.454102	213.050049	0.155993	0.537269	0.098318	0.686132	0.081881	0.826324
214.637695	0.34695	0.391502	0.452314	214.637695	0.155234	0.538666	0.096385	0.686619	0.077262	0.827367
216.225388	0.346531	0.390364	0.450513	216.225388	0.154251	0.538811	0.09386	0.686867	0.072463	0.828564
217.813141	0.344816	0.388033	0.447276	217.813141	0.152792	0.53684	0.091142	0.684924	0.067832	0.826721
219.400925	0.343591	0.385897	0.443929	219.400925	0.150939	0.536243	0.088584	0.683209	0.063302	0.824556
220.98877	0.342019	0.384084	0.441572	220.98877	0.149139	0.5349	0.08597	0.682198	0.059412	0.823731
222.57663	0.340009	0.381842	0.438626	222.57663	0.147432	0.532586	0.083303	0.68038	0.055501	0.821752
224.164581	0.338904	0.38093	0.437156	224.164581	0.145869	0.53194	0.0809	0.68096	0.052084	0.822228
225.752533	0.33784	0.379444	0.435875	225.752533	0.143977	0.531702	0.07873	0.680158	0.048799	0.822951
227.340546	0.337329	0.378886	0.43513	227.340546	0.143137	0.531521	0.076903	0.680868	0.045745	0.824515
228.928619	0.335632	0.376936	0.433003	228.928619	0.141111	0.530153	0.074324	0.679548	0.042743	0.823263
230.516693	0.333522	0.374642	0.430212	230.516693	0.139067	0.527977	0.072026	0.677258	0.039602	0.820821
232.104858	0.33087	0.371856	0.427032	232.104858	0.137032	0.524707	0.069682	0.674031	0.036811	0.817254
233.693039	0.329968	0.370259	0.425091	233.693039	0.135605	0.524332	0.067641	0.672877	0.034167	0.816014
235.281281	0.328606	0.368869	0.423504	235.281281	0.134021	0.523191	0.065986	0.671753	0.031821	0.815187
236.869537	0.327545	0.368112	0.422523	236.869537	0.13278	0.522309	0.06403	0.672193	0.029346	0.8157
238.457855	0.326875	0.366639	0.421109	238.457855	0.131616	0.522133	0.06211	0.671168	0.026974	0.815243
240.046219	0.325237	0.365066	0.41974	240.046219	0.129941	0.520534	0.060181	0.669951	0.024708	0.814772
241.634598	0.323447	0.362943	0.4173	241.634598	0.128041	0.518852	0.058027	0.667859	0.022525	0.812075
243.223053	0.320998	0.360043	0.414402	243.223053	0.125907	0.516089	0.055507	0.664578	0.020286	0.808518
244.811523	0.318127	0.357142	0.41156	244.811523	0.123561	0.512694	0.053346	0.660937	0.018384	0.804736
246.400055	0.315362	0.353938	0.408657	246.400055	0.120845	0.509878	0.050857	0.657019	0.016579	0.800734
247.988602	0.312152	0.350602	0.406152	247.988602	0.118034	0.506271	0.04837	0.652835	0.014985	0.797318
249.577194	0.308873	0.346857	0.403254	249.577194	0.115342	0.502404	0.045838	0.647877	0.013602	0.792906
251.165848	0.305524	0.343573	0.400745	251.165848	0.112449	0.498599	0.043216	0.64393	0.012449	0.789042
252.754517	0.301646	0.340057	0.398103	252.754517	0.109398	0.493893	0.040769	0.639346	0.011592	0.784614
254.343231	0.297863	0.336311	0.395747	254.343231	0.106265	0.489461	0.038062	0.63456	0.011013	0.780482
255.932007	0.293647	0.332418	0.393331	255.932007	0.102782	0.484512	0.035468	0.629369	0.010612	0.776049
257.520813	0.289473	0.328671	0.391169	257.520813	0.099355	0.479592	0.032957	0.624385	0.010647	0.771692
259.10965	0.284487	0.324498	0.388472	259.10965	0.095618	0.473356	0.030332	0.618665	0.010858	0.766087
260.698517	0.279438	0.319778	0.386288	260.698517	0.091764	0.467111	0.027607	0.611948	0.011453	0.761122
262.287415	0.273964	0.314753	0.3835	262.287415	0.087755	0.460173	0.024931	0.604575	0.012324	0.754675
263.876373	0.268082	0.309771	0.380851	263.876373	0.083385	0.452778	0.022486	0.597057	0.013442	0.74826
265.465363	0.261718	0.303984	0.3776	265.465363	0.079037	0.444399	0.019918	0.588051	0.014937	0.740263
267.054382	0.25524	0.298264	0.374166	267.054382	0.074499	0.435982	0.01752	0.579007	0.016579	0.731752
268.643433	0.248574	0.292215	0.371105	268.643433	0.070111	0.427036	0.015276	0.569155	0.018456	0.723754
270.232513	0.241733	0.286337	0.367522	270.232513	0.065822	0.417645	0.013204	0.559471	0.02056	0.714484
271.821655	0.235618	0.280811	0.365058	271.821655	0.061925	0.409312	0.011268	0.550355	0.022982	0.707133
273.410828	0.229376	0.275822	0.362329	273.410828	0.058084	0.400668	0.009564	0.54208	0.025437	0.69922
275.000031	0.223419	0.270715	0.360565	275.000031	0.054323	0.392515	0.008044	0.533386	0.028077	0.693052
276.589264	0.217348	0.265935	0.358304	276.589264	0.050714	0.383981	0.006623	0.525247	0.03082	0.685788
278.178528	0.21167	0.260972	0.356134	278.178528	0.047488	0.375852	0.005425	0.516518	0.033541	0.678728
279.767822	0.205965	0.2559	0.353658	279.767822	0.04402	0.36791	0.004376	0.507423	0.036309	0.671008
281.357147	0.200791	0.251433	0.351817	281.357147	0.041107	0.360475	0.003506	0.49936	0.038955	0.66468
282.946533	0.195657	0.247827	0.350442	282.946533	0.038431	0.352883	0.00284	0.492813	0.041785	0.659099
284.53595	0.191326	0.244438	0.349505	284.53595	0.035998	0.346655	0.002323	0.486554	0.044624	0.654385
286.125366	0.187022	0.240945	0.348256	286.125366	0.033843	0.340202	0.001921	0.479968	0.04732	0.649192
287.714844	0.183298	0.237966	0.347476	287.714844	0.031879	0.334716	0.001643	0.474289	0.050015	0.644936
289.304352	0.17952	0.235135	0.346456	289.304352	0.030156	0.328884	0.001513	0.468756	0.052464	0.640448
290.89386	0.176382	0.23301	0.345737	290.89386	0.028545	0.324219	0.001464	0.464555	0.054862	0.636611
292.483459	0.173725	0.23109	0.345588	292.483459	0.027356	0.320095	0.001537	0.460643	0.057174	0.634003
294.073029	0.171095	0.229215	0.345081	294.073029	0.026101	0.316089	0.00168	0.456751	0.05926	0.630902
295.662659	0.16922	0.228199	0.345521	295.662659	0.0251	0.31334	0.0019	0.454499	0.06147	0.629571
297.252319	0.167384	0.227103	0.345303	297.252319	0.024345	0.310424	0.002178	0.452027	0.063294	0.627311
298.84201	0.165527	0.226041	0.344992	298.84201	0.023624	0.307429	0.002536	0.449545	0.065052	0.624931
300.431732	0.164474	0.225737	0.345415	300.431732	0.023138	0.30581	0.00293	0.448544	0.066428	0.624403
302.021484	0.163425	0.225011	0.34523	302.021484	0.022794	0.304055	0.003365	0.446656	0.067751	0.622708
303.611267	0.16295	0.224987	0.345881	303.611267	0.022677	0.303223	0.003858	0.446117	0.069133	0.622628
305.20105	0.162475	0.225243	0.346637	305.20105	0.022457	0.302494	0.004388	0.446098	0.070575	0.6227
306.790894	0.16215	0.225257	0.347376	306.790894	0.02253	0.30177	0.004922	0.445593	0.071908	0.622844
308.380768	0.162536	0.22614	0.348338	308.380768	0.022707	0.302366	0.005461	0.44682	0.072843	0.623833
309.970642	0.162942	0.227035	0.349301	309.970642	0.022977	0.302907	0.00605	0.44802	0.073829	0.624773
311.560577	0.163307	0.227799	0.350331	311.560577	0.02321	0.303404	0.006676	0.448922	0.074857	0.625804
313.150543	0.164112	0.228666	0.351267	313.150543	0.02366	0.304564	0.007271	0.450062	0.075724	0.626811
314.740509	0.165093	0.230193	0.352471	314.740509	0.024177	0.306009	0.007864	0.452521	0.076407	0.628535
316.330505	0.166149	0.231706	0.354124	316.330505	0.024679	0.307619	0.008519	0.454893	0.077183	0.631065
317.920532	0.167345	0.233134	0.354735	317.920532	0.025293	0.309396	0.009184	0.457083	0.077697	0.631773
319.51059	0.168724	0.234544	0.35592	319.51059	0.026001	0.311447	0.009847	0.459241	0.078447	0.633393
321.100677	0.170554	0.236494	0.358229	321.100677	0.026931	0.314178	0.010448	0.46254	0.078853	0.637604
322.690796	0.17177	0.238409	0.35959	322.690796	0.027585	0.315955	0.011171	0.465648	0.079502	0.639677
324.280914	0.173568	0.239902	0.360717	324.280914	0.02849	0.318646	0.011848	0.467955	0.07974	0.641693
325.871063	0.175287	0.241944	0.362241	325.871063	0.029254	0.32132	0.012462	0.471426	0.079981	0.644501
327.461243	0.17717	0.244324	0.363621	327.461243	0.03017	0.32417	0.013176	0.475473	0.080495	0.646747
329.051453	0.178906	0.246188	0.364781	329.051453	0.031104	0.326708	0.013837	0.47854	0.080874	0.648688
330.641693	0.181282	0.248412	0.366322	330.641693	0.032096	0.330469	0.014644	0.48218	0.081249	0.651395
332.231964	0.183552	0.250703	0.367928	332.231964	0.033267	0.333836	0.015364	0.486042	0.081469	0.654386
333.822235	0.185573	0.253305	0.369556	333.822235	0.034076	0.337071	0.016142	0.490468	0.081716	0.657395
335.412537	0.187785	0.255376	0.370507	335.412537	0.035447	0.340122	0.017048	0.493704	0.082042	0.658972
337.002869	0.190687	0.258161	0.372728	337.002869	0.036704	0.344669	0.017868	0.498455	0.082452	0.663004
338.593231	0.193342	0.260816	0.373837	338.593231	0.038024	0.348661	0.018651	0.502981	0.082525	0.665148
340.183594	0.196323	0.263768	0.375865	340.183594	0.039417	0.353228	0.019564	0.507972	0.082894	0.668836
341.773987	0.199701	0.266672	0.377506	341.773987	0.041041	0.35836	0.020573	0.512771	0.083024	0.671988
343.36441	0.202837	0.270001	0.379462	343.36441	0.04259	0.363083	0.021493	0.518509	0.083108	0.675815
344.954865	0.206615	0.273487	0.381266	344.954865	0.044425	0.368805	0.022527	0.524446	0.083621	0.678912
346.545319	0.210499	0.277229	0.383645	346.545319	0.046342	0.374657	0.023638	0.530819	0.083511	0.683778
348.135803	0.214448	0.280737	0.385473	348.135803	0.048251	0.380644	0.024773	0.536701	0.083497	0.687448
349.726288	0.218486	0.284363	0.386868	349.726288	0.050417	0.386555	0.02599	0.542737	0.083352	0.690384
351.316833	0.222814	0.288663	0.389085	351.316833	0.052625	0.393004	0.027156	0.55017	0.083045	0.695125
352.907349	0.228109	0.293099	0.391382	352.907349	0.055224	0.400994	0.028465	0.557733	0.082802	0.699962
354.497894	0.232541	0.297501	0.393146	354.497894	0.057552	0.40753	0.029843	0.565159	0.082447	0.703845
356.088501	0.237826	0.301492	0.394578	356.088501	0.060382	0.415271	0.031078	0.571906	0.08164	0.707516
357.679108	0.243646	0.306257	0.394227	357.679108	0.063288	0.424004	0.032615	0.5799	0.080353	0.7081
359.269714	0.249388	0.310943	0.39781	359.269714	0.06637	0.432406	0.034007	0.58788	0.080084	0.715535
360.860352	0.254725	0.316505	0.40106	360.860352	0.06922	0.44023	0.035526	0.597484	0.07945	0.72267
362.450989	0.260221	0.321286	0.401926	362.450989	0.072659	0.447784	0.037113	0.605459	0.077946	0.725906
364.041687	0.266695	0.326579	0.403805	364.041687	0.075904	0.457486	0.038513	0.614646	0.076842	0.730767
365.632385	0.272096	0.331498	0.405848	365.632385	0.078973	0.46522	0.039825	0.623171	0.075566	0.736131
367.223083	0.278203	0.33616	0.407483	367.223083	0.082071	0.474335	0.041254	0.631066	0.073924	0.741043
368.813782	0.283513	0.339916	0.408063	368.813782	0.085202	0.481823	0.042052	0.63778	0.0721	0.744026
370.404541	0.28863	0.343856	0.408719	370.404541	0.088328	0.488931	0.043434	0.644279	0.070242	0.747196
371.9953	0.293891	0.347605	0.408754	371.9953	0.091241	0.496542	0.044462	0.650747	0.06828	0.749227
373.58606	0.298752	0.351812	0.40892	373.58606	0.093987	0.503516	0.045583	0.658041	0.066452	0.751388
375.176849	0.303503	0.355494	0.409839	375.176849	0.096883	0.510122	0.046504	0.664483	0.064438	0.755241
376.767639	0.308033	0.359151	0.410636	376.767639	0.099676	0.516389	0.047404	0.670898	0.062871	0.758401
378.358459	0.312414	0.362566	0.410979	378.358459	0.102284	0.522545	0.048383	0.676748	0.060739	0.761219
379.94931	0.316743	0.365419	0.41068	379.94931	0.104904	0.528582	0.049358	0.68148	0.058906	0.762454
381.540161	0.320808	0.368705	0.411221	381.540161	0.10737	0.534247	0.04984	0.68757	0.056817	0.765625
383.131042	0.324596	0.371806	0.411427	383.131042	0.109464	0.539728	0.05066	0.692952	0.054946	0.767908
384.721893	0.327047	0.373344	0.410556	384.721893	0.111222	0.542872	0.05088	0.695807	0.05286	0.768251
386.312805	0.330307	0.375391	0.410356	386.312805	0.113276	0.547338	0.051341	0.699441	0.050737	0.769975
387.903687	0.333079	0.377234	0.409559	387.903687	0.115091	0.551068	0.051836	0.702632	0.049002	0.770115
389.494598	0.335357	0.378986	0.408859	389.494598	0.116206	0.554508	0.051992	0.70598	0.04721	0.770508
391.08551	0.337361	0.380269	0.407951	391.08551	0.117403	0.55732	0.052106	0.708432	0.045225	0.770676
392.676453	0.339937	0.382786	0.407689	392.676453	0.118878	0.560996	0.052387	0.713186	0.043366	0.772012
394.267426	0.34172	0.383193	0.407509	394.267426	0.120266	0.563175	0.052476	0.713911	0.041923	0.773094
395.858398	0.343423	0.383993	0.40672	395.858398	0.121164	0.565682	0.052513	0.715473	0.040062	0.773377
397.449371	0.345611	0.385266	0.406611	397.449371	0.122237	0.568985	0.052686	0.717845	0.038772	0.77445
399.040344	0.346837	0.385967	0.406004	399.040344	0.123324	0.57035	0.052684	0.719251	0.037165	0.774842
400.631348	0.347611	0.386569	0.405334	400.631348	0.123907	0.571315	0.052492	0.720647	0.035695	0.774973
402.222351	0.348514	0.387253	0.405034	402.222351	0.124429	0.572599	0.052392	0.722114	0.034229	0.775839
403.813385	0.350656	0.38846	0.405446	403.813385	0.125515	0.575796	0.052387	0.724533	0.032843	0.778049
405.404388	0.352091	0.389605	0.405507	405.404388	0.126228	0.577954	0.052355	0.726856	0.031576	0.779438
406.995422	0.352245	0.390436	0.405687	406.995422	0.126349	0.57814	0.052539	0.728333	0.030386	0.780988
408.586487	0.353837	0.391485	0.405778	408.586487	0.127382	0.580292	0.052491	0.730479	0.029179	0.782377
410.177551	0.354776	0.391867	0.405206	410.177551	0.12817	0.581383	0.052472	0.731262	0.027887	0.782525
411.768616	0.355624	0.392422	0.405303	411.768616	0.12853	0.582718	0.052234	0.732609	0.026793	0.783812
413.35968	0.356484	0.39258	0.405088	413.35968	0.129316	0.583652	0.052239	0.732922	0.025644	0.784532
414.950745	0.357548	0.39349	0.404676	414.950745	0.129861	0.585235	0.051917	0.735063	0.02479	0.784562
416.54184	0.35804	0.394215	0.404935	416.54184	0.130152	0.585928	0.051929	0.736501	0.02369	0.78618
418.132904	0.358139	0.394377	0.404538	418.132904	0.130448	0.58583	0.051929	0.736825	0.022797	0.786279
419.72403	0.359672	0.395202	0.404706	419.72403	0.131179	0.588165	0.051788	0.738617	0.021784	0.787627
421.315125	0.360182	0.395974	0.404628	421.315125	0.131386	0.588978	0.051765	0.740184	0.020966	0.78829
422.90625	0.361068	0.395719	0.403219	422.90625	0.131791	0.590345	0.051382	0.740056	0.020052	0.786385
424.497375	0.361231	0.396094	0.403253	424.497375	0.131726	0.590735	0.051232	0.740956	0.019338	0.787168
426.088531	0.361312	0.396387	0.40298	426.088531	0.131546	0.591079	0.051024	0.74175	0.018602	0.787358
427.679626	0.361611	0.396165	0.40294	427.679626	0.131928	0.591294	0.050888	0.741442	0.017863	0.788018
429.270813	0.362269	0.396561	0.402749	429.270813	0.132281	0.592257	0.05071	0.742413	0.017194	0.788304
430.861908	0.361865	0.396492	0.402022	430.861908	0.132307	0.591424	0.050419	0.742565	0.0166	0.787444
432.453064	0.362672	0.397022	0.401562	432.453064	0.132274	0.593069	0.050258	0.743786	0.015925	0.787199
434.04425	0.362626	0.396881	0.401194	434.04425	0.132604	0.592648	0.049995	0.743766	0.015382	0.787006
435.635345	0.362618	0.396848	0.400684	435.635345	0.132323	0.592913	0.049702	0.743993	0.014925	0.786442
437.226501	0.363362	0.397426	0.401418	437.226501	0.132694	0.594031	0.049564	0.745288	0.014275	0.788561
438.817688	0.36375	0.397727	0.400765	438.817688	0.132785	0.594716	0.049341	0.746112	0.013854	0.787677
440.408844	0.363212	0.396386	0.399641	440.408844	0.132477	0.593948	0.048897	0.743874	0.013318	0.785964
442.000061	0.36367	0.397458	0.399809	442.000061	0.132699	0.594641	0.048767	0.746148	0.013029	0.786588
443.591217	0.364036	0.397028	0.399304	443.591217	0.132719	0.595353	0.048729	0.745328	0.01251	0.786098
445.182373	0.363183	0.396628	0.398111	445.182373	0.132328	0.594038	0.048489	0.744767	0.012118	0.784104
446.773529	0.362723	0.396481	0.398254	446.773529	0.132111	0.593334	0.048246	0.744715	0.01181	0.784699
448.364685	0.363494	0.397137	0.398204	448.364685	0.13244	0.594548	0.048046	0.746228	0.011431	0.784976
449.955902	0.36366	0.397075	0.397477	449.955902	0.132233	0.595086	0.047913	0.746237	0.011064	0.783891
451.547058	0.362884	0.396861	0.398215	451.547058	0.132034	0.593733	0.047515	0.746206	0.01073	0.7857
453.138245	0.363051	0.396273	0.397911	453.138245	0.131753	0.59435	0.047129	0.745417	0.010413	0.785408
454.729431	0.363322	0.396026	0.398191	454.729431	0.131559	0.595085	0.046918	0.745133	0.010092	0.78629
456.320618	0.362591	0.395197	0.397715	456.320618	0.131493	0.593689	0.046586	0.743807	0.009916	0.785514
457.911774	0.362865	0.395578	0.39788	457.911774	0.131338	0.594392	0.046655	0.7445	0.009682	0.786077
459.502991	0.362799	0.395613	0.398231	459.502991	0.131257	0.594342	0.045958	0.745268	0.009352	0.787111
461.094147	0.362481	0.395284	0.398364	461.094147	0.131283	0.593679	0.045912	0.744657	0.00904	0.787687
462.685303	0.362993	0.39603	0.399368	462.685303	0.130801	0.595186	0.045802	0.746258	0.008989	0.789747
464.276459	0.363192	0.395799	0.398802	464.276459	0.130953	0.595431	0.045604	0.745994	0.008712	0.788892
465.867676	0.362536	0.395431	0.397882	465.867676	0.130698	0.594374	0.045203	0.74566	0.008554	0.787209
467.458832	0.361877	0.395428	0.398505	467.458832	0.130301	0.593453	0.044977	0.745879	0.008406	0.788604
469.049988	0.360604	0.394751	0.398155	469.049988	0.129838	0.591371	0.044689	0.744812	0.008265	0.788044
470.641174	0.360011	0.394107	0.397959	470.641174	0.129042	0.590981	0.044434	0.743779	0.008103	0.787814
472.23233	0.360312	0.393599	0.398406	472.23233	0.129249	0.591375	0.044025	0.743172	0.008008	0.788803
473.823486	0.360114	0.393673	0.398676	473.823486	0.128929	0.5913	0.043773	0.743573	0.007945	0.789406
475.414642	0.359719	0.393536	0.398902	475.414642	0.128869	0.590569	0.043516	0.743556	0.007879	0.789924
477.005768	0.360057	0.394102	0.39888	477.005768	0.128614	0.591501	0.04327	0.744934	0.007807	0.789954
478.596924	0.359947	0.393417	0.398652	478.596924	0.12858	0.591314	0.043009	0.743825	0.007808	0.789497
480.18808	0.360966	0.393479	0.399034	480.18808	0.128653	0.593279	0.043029	0.74393	0.007789	0.790279
481.779205	0.359983	0.392764	0.39789	481.779205	0.127836	0.59213	0.042592	0.742936	0.007811	0.78797
483.3703	0.360268	0.393041	0.397726	483.3703	0.128124	0.592412	0.042319	0.743764	0.007862	0.787589
484.961487	0.360398	0.393004	0.398064	484.961487	0.127873	0.592923	0.042208	0.7438	0.00791	0.788218
486.552582	0.360532	0.39231	0.397568	486.552582	0.127962	0.593102	0.042006	0.742614	0.007983	0.787153
488.143707	0.358459	0.390926	0.39644	488.143707	0.126825	0.590092	0.041619	0.740233	0.008054	0.784825
489.734802	0.357858	0.391138	0.39666	489.734802	0.126219	0.589496	0.041435	0.740842	0.008083	0.785237
491.325867	0.358085	0.392062	0.397535	491.325867	0.126123	0.590047	0.041362	0.742763	0.008196	0.786875
492.916992	0.357949	0.391455	0.397581	492.916992	0.125982	0.589916	0.04122	0.74169	0.008388	0.786774
494.508057	0.357146	0.390832	0.398023	494.508057	0.125738	0.588555	0.040912	0.740752	0.008618	0.787429
496.099182	0.35702	0.390995	0.39832	496.099182	0.125461	0.58858	0.040529	0.74146	0.008773	0.787867
497.690247	0.356726	0.390069	0.397468	497.690247	0.124947	0.588506	0.040507	0.73963	0.00884	0.786096
499.281311	0.355685	0.389681	0.39681	499.281311	0.12442	0.586951	0.040064	0.739299	0.009019	0.7846
500.872314	0.355826	0.390155	0.397538	500.872314	0.124323	0.587329	0.040217	0.740093	0.009229	0.785848
502.463379	0.355041	0.388903	0.395857	502.463379	0.123911	0.58617	0.03965	0.738157	0.009386	0.782329
504.054382	0.354896	0.389237	0.395401	504.054382	0.123695	0.586096	0.039496	0.738979	0.009547	0.781255
505.645416	0.353861	0.388965	0.395235	505.645416	0.122973	0.584749	0.039305	0.738625	0.009826	0.780643
507.23642	0.353326	0.388423	0.395334	507.23642	0.122604	0.584047	0.038944	0.737902	0.009911	0.780757
508.827454	0.353337	0.388479	0.395452	508.827454	0.12239	0.584284	0.038884	0.738073	0.010116	0.780789
510.418457	0.352613	0.387391	0.394949	510.418457	0.122126	0.583101	0.03851	0.736272	0.010284	0.779613
512.009399	0.352147	0.386828	0.394742	512.009399	0.12181	0.582485	0.038271	0.735385	0.010528	0.778956
513.600403	0.351892	0.386656	0.394402	513.600403	0.12151	0.582274	0.037911	0.735401	0.010834	0.777969
515.191345	0.352065	0.387025	0.394804	515.191345	0.120958	0.583171	0.037752	0.736297	0.010931	0.778677
516.782288	0.35148	0.385406	0.394556	516.782288	0.120939	0.582022	0.037335	0.733476	0.011172	0.777941
518.37323	0.350298	0.385264	0.394335	518.37323	0.120226	0.58037	0.037424	0.733104	0.011423	0.777246
519.964172	0.350148	0.386126	0.394807	519.964172	0.119848	0.580448	0.037063	0.735189	0.011608	0.778006
521.555054	0.350286	0.385969	0.395184	521.555054	0.11975	0.580822	0.036888	0.73505	0.011828	0.778539
523.145935	0.350006	0.384663	0.395423	523.145935	0.119357	0.580656	0.036787	0.732538	0.012056	0.77879
524.736877	0.349285	0.384192	0.395618	524.736877	0.11895	0.57962	0.036384	0.732001	0.012319	0.778916
526.327759	0.348076	0.383595	0.395751	526.327759	0.118233	0.577919	0.036019	0.731172	0.012573	0.778929
527.918579	0.347695	0.383345	0.395791	527.918579	0.118118	0.577273	0.035826	0.730865	0.012851	0.778731
529.509399	0.347572	0.383476	0.395436	529.509399	0.117826	0.577317	0.035765	0.731187	0.013048	0.777824
531.10022	0.347387	0.382751	0.395584	531.10022	0.117477	0.577296	0.03553	0.729972	0.013229	0.77794
532.69104	0.346976	0.381884	0.395176	532.69104	0.117306	0.576647	0.035206	0.728562	0.013427	0.776925
534.28186	0.345984	0.380635	0.394922	534.28186	0.116721	0.575248	0.035075	0.726196	0.013639	0.776204
535.872681	0.345745	0.381127	0.39638	535.872681	0.116344	0.575146	0.034911	0.727342	0.013992	0.778768
537.463379	0.345667	0.382002	0.397622	537.463379	0.115944	0.575389	0.034832	0.729173	0.014251	0.780992
539.054138	0.343993	0.381123	0.396519	539.054138	0.115472	0.572513	0.034564	0.727683	0.014459	0.778579
540.644897	0.344464	0.381345	0.39715	540.644897	0.115395	0.573532	0.034527	0.728162	0.014708	0.779592
542.235596	0.345074	0.381855	0.39792	542.235596	0.115372	0.574776	0.034498	0.729212	0.014894	0.780947
543.826294	0.343899	0.380351	0.397829	543.826294	0.114895	0.572903	0.034328	0.726375	0.015136	0.780522
545.416992	0.343692	0.379055	0.397508	545.416992	0.114429	0.572955	0.033995	0.724116	0.015538	0.779477
547.00769	0.343728	0.378955	0.397789	547.00769	0.114087	0.573369	0.033912	0.723997	0.015789	0.77979
548.598267	0.34301	0.37882	0.397964	548.598267	0.113799	0.57222	0.033774	0.723867	0.016061	0.779866
550.188904	0.342716	0.378222	0.397568	550.188904	0.113265	0.572168	0.033548	0.722896	0.01634	0.778797
551.779541	0.34138	0.377074	0.397085	551.779541	0.112966	0.569795	0.033335	0.720813	0.016723	0.777447
553.370117	0.340597	0.376643	0.397122	553.370117	0.112183	0.569012	0.03305	0.720235	0.016915	0.777329
554.960693	0.340551	0.376547	0.396682	554.960693	0.112337	0.568765	0.032869	0.720225	0.017193	0.776171
556.55127	0.340382	0.376635	0.396795	556.55127	0.1119	0.568863	0.032739	0.72053	0.017505	0.776086
558.141785	0.340796	0.377156	0.397949	558.141785	0.111725	0.569866	0.032591	0.721722	0.017812	0.778087
559.7323	0.340029	0.376719	0.397701	559.7323	0.111103	0.568954	0.032499	0.720938	0.018163	0.777239
561.322815	0.339076	0.375789	0.397802	561.322815	0.110596	0.567556	0.032191	0.719388	0.018551	0.777053
562.913269	0.33927	0.37465	0.397432	562.913269	0.110501	0.568039	0.032078	0.717222	0.018909	0.775955
564.503723	0.338866	0.374578	0.397981	564.503723	0.110225	0.567507	0.031791	0.717366	0.019374	0.776588
566.094116	0.338676	0.374741	0.398197	566.094116	0.109899	0.567452	0.031464	0.718018	0.019648	0.776746
567.68457	0.338181	0.374803	0.398259	567.68457	0.109563	0.5668	0.031344	0.718263	0.01996	0.776558
569.274963	0.337647	0.374109	0.397865	569.274963	0.109117	0.566178	0.031204	0.717013	0.020478	0.775251
570.865295	0.337075	0.373319	0.397028	570.865295	0.108831	0.56532	0.031014	0.715625	0.020725	0.773332
572.455688	0.336758	0.373029	0.396484	572.455688	0.108476	0.565039	0.030719	0.715338	0.021135	0.771833
574.045959	0.336571	0.372673	0.39657	574.045959	0.108321	0.564821	0.030554	0.714792	0.021439	0.771702
575.636292	0.336321	0.373154	0.396187	575.636292	0.107965	0.564676	0.030492	0.715815	0.021867	0.770506
577.226501	0.335869	0.372532	0.395549	577.226501	0.107786	0.563951	0.030327	0.714738	0.02234	0.768758
578.816772	0.335329	0.372324	0.396793	578.816772	0.107376	0.563283	0.030154	0.714493	0.022754	0.770831
580.406982	0.335224	0.371956	0.396845	580.406982	0.106903	0.563546	0.029968	0.713944	0.023164	0.770525
581.997192	0.333866	0.370639	0.396562	581.997192	0.106189	0.561544	0.02973	0.711548	0.023571	0.769554
583.587341	0.333932	0.370806	0.397074	583.587341	0.10629	0.561574	0.029628	0.711985	0.024021	0.770128
585.177551	0.332912	0.370377	0.395595	585.177551	0.105541	0.560284	0.029369	0.711386	0.02424	0.766949
586.767639	0.332652	0.370097	0.395564	586.767639	0.105384	0.55992	0.029345	0.71085	0.024671	0.766456
588.357788	0.332534	0.369266	0.395586	588.357788	0.105263	0.559806	0.029075	0.709457	0.025178	0.765995
589.947815	0.331446	0.369475	0.394655	589.947815	0.104461	0.55843	0.029053	0.709896	0.025482	0.763827
591.537842	0.330846	0.369321	0.395071	591.537842	0.104011	0.557682	0.029077	0.709565	0.025867	0.764274
593.127869	0.330344	0.367976	0.394846	593.127869	0.103812	0.556875	0.02879	0.707162	0.026377	0.763315
594.717896	0.329987	0.368231	0.396077	594.717896	0.103669	0.556304	0.028693	0.707769	0.02672	0.765434
596.307861	0.330339	0.368481	0.396585	596.307861	0.103472	0.557206	0.02864	0.708323	0.02726	0.76591
597.897766	0.330782	0.368116	0.396829	597.897766	0.103157	0.558408	0.028595	0.707637	0.027592	0.766066
599.487671	0.329742	0.367318	0.3965	599.487671	0.102777	0.556707	0.028438	0.706199	0.027946	0.765054
601.077576	0.329358	0.367153	0.397109	601.077576	0.102267	0.556448	0.028382	0.705924	0.028411	0.765806
602.667419	0.328743	0.367526	0.397963	602.667419	0.102138	0.555347	0.028236	0.706815	0.028871	0.767054
604.257202	0.327946	0.366533	0.397795	604.257202	0.101625	0.554266	0.02808	0.704986	0.029097	0.766492
605.847046	0.327881	0.368146	0.398339	605.847046	0.10117	0.554592	0.028189	0.708103	0.029623	0.767054
607.436829	0.327267	0.367178	0.397174	607.436829	0.100775	0.553759	0.028039	0.706317	0.029864	0.764483
609.02655	0.325756	0.365371	0.39691	609.02655	0.099999	0.551512	0.027761	0.702982	0.030188	0.763632
610.616272	0.324551	0.364496	0.397173	610.616272	0.099682	0.549421	0.027614	0.701378	0.030591	0.763756
612.205933	0.32419	0.36367	0.396715	612.205933	0.09944	0.54894	0.027447	0.699892	0.030999	0.76243
613.795532	0.324382	0.363584	0.396694	613.795532	0.099183	0.549581	0.02734	0.699829	0.031285	0.762102
615.385193	0.323657	0.363368	0.396519	615.385193	0.098839	0.548476	0.027338	0.699399	0.03155	0.761487
616.974731	0.3229	0.36355	0.396775	616.974731	0.098254	0.547546	0.027007	0.700093	0.032023	0.761527
618.564331	0.322558	0.363825	0.396982	618.564331	0.097863	0.547252	0.026929	0.700721	0.032326	0.761639
620.15387	0.322216	0.363347	0.397502	620.15387	0.097656	0.546775	0.026919	0.699775	0.032681	0.762323
621.743347	0.321529	0.362471	0.397184	621.743347	0.097561	0.545496	0.026808	0.698135	0.032998	0.76137
623.332825	0.321339	0.363652	0.398478	623.332825	0.097055	0.545622	0.026805	0.700499	0.033516	0.763441
624.922241	0.320226	0.361961	0.39795	624.922241	0.096469	0.543983	0.026526	0.697396	0.033808	0.762092
626.511597	0.319738	0.36096	0.39809	626.511597	0.09638	0.543096	0.026187	0.695733	0.034089	0.762091
628.100952	0.318749	0.359161	0.397529	628.100952	0.095963	0.541535	0.025994	0.692328	0.034439	0.760619
629.690308	0.318737	0.360686	0.398475	629.690308	0.095575	0.541899	0.025882	0.695491	0.034756	0.762194
631.279602	0.318577	0.360347	0.397822	631.279602	0.095258	0.541895	0.025813	0.694882	0.034991	0.760654
632.868835	0.317904	0.359697	0.397331	632.868835	0.095074	0.540734	0.025579	0.693814	0.035232	0.75943
634.458069	0.316888	0.359643	0.397361	634.458069	0.094518	0.539259	0.025581	0.693706	0.035545	0.759177
636.047241	0.315952	0.358956	0.398282	636.047241	0.094082	0.537823	0.02533	0.692583	0.035965	0.760599
637.636353	0.3137	0.357804	0.396605	637.636353	0.093194	0.534206	0.02514	0.690468	0.036298	0.756912
639.225464	0.313665	0.358089	0.396195	639.225464	0.092776	0.534554	0.02497	0.691209	0.036595	0.755795
640.814575	0.314815	0.358161	0.396653	640.814575	0.092936	0.536694	0.024872	0.69145	0.036886	0.756419
642.403625	0.314767	0.357576	0.397065	642.403625	0.092726	0.536808	0.024752	0.6904	0.03732	0.75681
643.992615	0.314586	0.357494	0.399279	643.992615	0.092496	0.536676	0.024631	0.690356	0.037751	0.760807
645.581604	0.314632	0.357002	0.399847	645.581604	0.092319	0.536946	0.024494	0.68951	0.038329	0.761364
647.170532	0.31436	0.357018	0.399392	647.170532	0.091988	0.536732	0.024326	0.689709	0.038499	0.760285
648.759399	0.313072	0.35608	0.399241	648.759399	0.091537	0.534606	0.024178	0.687983	0.038808	0.759673
650.348267	0.312854	0.356306	0.398926	650.348267	0.091128	0.534579	0.024223	0.688389	0.039048	0.758804
651.937134	0.312822	0.357234	0.399459	651.937134	0.091049	0.534595	0.024149	0.690319	0.039514	0.759403
653.525879	0.313629	0.356967	0.399106	653.525879	0.091152	0.536106	0.024039	0.689895	0.039818	0.758393
655.114624	0.316235	0.354911	0.398972	655.114624	0.091597	0.540873	0.02403	0.685793	0.040031	0.757913
656.703308	0.315379	0.353098	0.396608	656.703308	0.091387	0.539371	0.023752	0.682444	0.039937	0.753279
658.291992	0.313188	0.352697	0.394987	658.291992	0.090457	0.535918	0.023642	0.681751	0.04013	0.749845
659.880615	0.309685	0.352592	0.398329	659.880615	0.089254	0.530116	0.02343	0.681754	0.040914	0.755743
661.469177	0.308484	0.351585	0.398682	661.469177	0.088709	0.528259	0.023419	0.679751	0.041286	0.756077
663.057739	0.308865	0.352001	0.40062	663.057739	0.088473	0.529257	0.023295	0.680707	0.041987	0.759254
664.64624	0.309421	0.351974	0.400532	664.64624	0.088599	0.530243	0.023311	0.680637	0.042286	0.758778
666.234741	0.30951	0.35217	0.400391	666.234741	0.088432	0.530588	0.02325	0.68109	0.04269	0.758091
667.82312	0.307897	0.352005	0.399021	667.82312	0.087664	0.52813	0.023306	0.680704	0.042935	0.755107
669.411499	0.308458	0.35319	0.399777	669.411499	0.0878	0.529116	0.023287	0.683093	0.043244	0.756311
670.999878	0.308381	0.352387	0.400176	670.999878	0.087397	0.529365	0.023151	0.681622	0.043593	0.756758
672.588135	0.307393	0.351865	0.39949	672.588135	0.086913	0.527872	0.023197	0.680533	0.043906	0.755075
674.176392	0.306904	0.350566	0.399262	674.176392	0.086575	0.527234	0.022927	0.678205	0.044222	0.754303
675.764587	0.305464	0.348953	0.398384	675.764587	0.086249	0.52468	0.022789	0.675116	0.0445	0.752268
677.352783	0.304472	0.348229	0.396752	677.352783	0.085886	0.523058	0.022735	0.673723	0.044727	0.748777
678.940918	0.302956	0.348665	0.396344	678.940918	0.085332	0.52058	0.022815	0.674516	0.045022	0.747666
680.528992	0.303693	0.350448	0.398226	680.528992	0.085197	0.522188	0.022866	0.67803	0.04548	0.750972
682.117065	0.302358	0.348038	0.397779	682.117065	0.084704	0.520013	0.02264	0.673436	0.045845	0.749713
683.705017	0.302606	0.347447	0.398373	683.705017	0.084425	0.520788	0.02252	0.672373	0.046212	0.750535
685.292969	0.301446	0.346721	0.398523	685.292969	0.083786	0.519106	0.022366	0.671075	0.046482	0.750564
686.88092	0.301902	0.345925	0.398863	686.88092	0.084103	0.5197	0.02236	0.66949	0.04705	0.750677
688.46875	0.301044	0.345674	0.399528	688.46875	0.083863	0.518225	0.022364	0.668984	0.047488	0.751568
690.056519	0.300686	0.345154	0.39964	690.056519	0.083366	0.518005	0.022226	0.668082	0.047975	0.751306
691.644348	0.300944	0.345096	0.399373	691.644348	0.083472	0.518416	0.022293	0.6679	0.04821	0.750535
693.232056	0.299848	0.345377	0.398675	693.232056	0.08269	0.517006	0.022051	0.668703	0.048331	0.749019
694.819702	0.300019	0.344839	0.397545	694.819702	0.082834	0.517205	0.021988	0.667689	0.048633	0.746458
696.407349	0.299811	0.345221	0.398536	696.407349	0.082537	0.517085	0.021977	0.668465	0.049146	0.747926
697.994934	0.299175	0.344706	0.399052	697.994934	0.082035	0.516315	0.02193	0.667482	0.049974	0.74813
699.582458	0.297901	0.342621	0.398418	699.582458	0.081546	0.514256	0.021654	0.663588	0.050232	0.746604
701.169983	0.298299	0.343074	0.397854	701.169983	0.081475	0.515123	0.02163	0.664519	0.05049	0.745218
702.757446	0.297695	0.343028	0.397451	702.757446	0.081244	0.514146	0.021502	0.664554	0.050755	0.744147
704.344849	0.296124	0.343403	0.397691	704.344849	0.080431	0.511818	0.021292	0.665513	0.051358	0.744024
705.932129	0.29681	0.343623	0.398674	705.932129	0.080823	0.512797	0.021364	0.665882	0.051716	0.745631
707.519409	0.296264	0.34321	0.399641	707.519409	0.080152	0.512376	0.021092	0.665329	0.052058	0.747223
709.106689	0.295596	0.341861	0.398451	709.106689	0.079718	0.511475	0.021021	0.662701	0.052463	0.744439
710.693909	0.295058	0.341178	0.397097	710.693909	0.079463	0.510654	0.020844	0.661513	0.052608	0.741587
712.281067	0.29426	0.340154	0.397054	712.281067	0.07925	0.509269	0.020848	0.65946	0.052944	0.741164
713.868103	0.294646	0.340561	0.397846	713.868103	0.079111	0.510181	0.020673	0.660448	0.053355	0.742337
715.4552	0.294462	0.341154	0.397792	715.4552	0.078692	0.510232	0.02067	0.661638	0.053923	0.741661
717.042175	0.294128	0.340697	0.398283	717.042175	0.078385	0.509871	0.020554	0.66084	0.054297	0.742268
718.629089	0.293489	0.340045	0.398421	718.629089	0.077959	0.509019	0.020367	0.659722	0.054616	0.742227
720.216003	0.292426	0.338292	0.397163	720.216003	0.077671	0.507182	0.02025	0.656335	0.054682	0.739644
721.802856	0.292126	0.340331	0.397199	721.802856	0.077351	0.506901	0.02019	0.660472	0.054979	0.73942
723.389648	0.29187	0.340985	0.395897	723.389648	0.076983	0.506758	0.020225	0.661745	0.055383	0.736412
724.976379	0.291163	0.340576	0.396173	724.976379	0.076888	0.505437	0.020182	0.660971	0.055467	0.73688
726.56311	0.291346	0.339296	0.396541	726.56311	0.076788	0.505904	0.019925	0.658667	0.056006	0.737075
728.149719	0.291954	0.339737	0.397323	728.149719	0.076883	0.507024	0.019841	0.659633	0.056536	0.73811
729.736267	0.292294	0.33966	0.398633	729.736267	0.076816	0.507771	0.019842	0.659478	0.057035	0.740231
731.322815	0.291617	0.338761	0.398584	731.322815	0.076239	0.506996	0.019751	0.657771	0.057276	0.739892
732.909302	0.290472	0.33861	0.398221	732.909302	0.075654	0.50529	0.019671	0.657548	0.057951	0.738492
734.495728	0.290406	0.338094	0.398086	734.495728	0.07579	0.505022	0.019524	0.656663	0.05795	0.738223
736.082092	0.289827	0.336879	0.400117	736.082092	0.075676	0.503977	0.019497	0.65426	0.058581	0.741652
737.668335	0.287411	0.335846	0.398865	737.668335	0.074783	0.50004	0.019361	0.652331	0.058846	0.738885
739.254639	0.287209	0.33593	0.398419	739.254639	0.074565	0.499853	0.019301	0.652558	0.059043	0.737795
740.84082	0.286058	0.334958	0.39722	740.84082	0.074093	0.498022	0.019292	0.650625	0.059266	0.735173
742.426941	0.284853	0.33444	0.396034	742.426941	0.07368	0.496026	0.019082	0.649798	0.059405	0.732663
744.013062	0.284646	0.334262	0.39659	744.013062	0.073624	0.495668	0.019131	0.649393	0.059547	0.733633
745.59906	0.285845	0.334558	0.398203	745.59906	0.073468	0.498221	0.019	0.650116	0.060043	0.736363
747.185059	0.28608	0.334702	0.398914	747.185059	0.073828	0.498332	0.019046	0.650358	0.060507	0.737321
748.770996	0.285144	0.335336	0.399084	748.770996	0.073367	0.49692	0.019109	0.651563	0.061006	0.737163
750.356812	0.284927	0.335707	0.399714	750.356812	0.073143	0.496711	0.019103	0.65231	0.061318	0.738109
751.942688	0.283782	0.333947	0.39911	751.942688	0.072866	0.494698	0.018937	0.648956	0.061464	0.736756
753.528442	0.28361	0.334535	0.399855	753.528442	0.072526	0.494695	0.018941	0.65013	0.062019	0.737691
755.114136	0.283991	0.334019	0.399516	755.114136	0.072312	0.495669	0.018907	0.649132	0.062145	0.736887
756.699707	0.28278	0.332312	0.395709	756.699707	0.072063	0.493497	0.018865	0.645759	0.061654	0.729764
758.285278	0.280824	0.33153	0.394477	758.285278	0.0714	0.490248	0.018812	0.644248	0.061713	0.727242
759.870789	0.281195	0.331737	0.395151	759.870789	0.071228	0.491163	0.018798	0.644677	0.062506	0.727796
761.456238	0.281734	0.330785	0.396462	761.456238	0.071185	0.492283	0.018722	0.642848	0.06296	0.729964
763.041626	0.281301	0.331442	0.397571	763.041626	0.071211	0.491392	0.018717	0.644167	0.063121	0.73202
764.627014	0.281173	0.332668	0.39752	764.627014	0.070965	0.491381	0.018784	0.646553	0.063374	0.731666
766.21228	0.280405	0.332767	0.396827	766.21228	0.070667	0.490142	0.018779	0.646754	0.063892	0.729762
767.797485	0.281049	0.331696	0.398082	767.797485	0.070705	0.491393	0.018733	0.64466	0.064138	0.732026
769.382629	0.279401	0.327375	0.397385	769.382629	0.070076	0.488726	0.018574	0.636176	0.064782	0.729988
770.967712	0.278445	0.326172	0.396268	770.967712	0.069697	0.487194	0.018441	0.633903	0.064375	0.728162
772.552734	0.277985	0.327271	0.396293	772.552734	0.069369	0.486602	0.018611	0.63593	0.064832	0.727755
774.137695	0.279449	0.330681	0.397637	774.137695	0.069623	0.489275	0.018589	0.642773	0.065211	0.730063
775.722595	0.279288	0.330704	0.399597	775.722595	0.06934	0.489235	0.018738	0.642671	0.065996	0.733198
777.307495	0.278243	0.328461	0.397745	777.307495	0.068736	0.487751	0.018514	0.638407	0.065571	0.72992
778.892212	0.277595	0.328098	0.396693	778.892212	0.068693	0.486497	0.018566	0.637631	0.065973	0.727413
780.476929	0.275156	0.326098	0.394171	780.476929	0.067795	0.482516	0.018324	0.633871	0.065895	0.722446
782.061646	0.274886	0.325501	0.394005	782.061646	0.067657	0.482114	0.018279	0.632724	0.066176	0.721834
783.646179	0.275756	0.325817	0.395697	783.646179	0.067368	0.484144	0.018187	0.633447	0.06666	0.724733
785.230713	0.275134	0.32584	0.396128	785.230713	0.067224	0.483043	0.018307	0.633374	0.067115	0.725142
786.815186	0.273482	0.324681	0.394875	786.815186	0.066632	0.480331	0.018177	0.631186	0.067039	0.722711
788.399597	0.274707	0.326621	0.398248	788.399597	0.066722	0.482691	0.018275	0.634966	0.068154	0.728343
789.983948	0.27352	0.325927	0.397129	789.983948	0.066428	0.480612	0.018155	0.633699	0.068028	0.726229
791.568237	0.2739	0.325281	0.397037	791.568237	0.066392	0.481407	0.018127	0.632434	0.068241	0.725832
793.152405	0.273474	0.324991	0.39695	793.152405	0.065877	0.481071	0.017958	0.632024	0.068248	0.725653
794.736511	0.272214	0.323124	0.393958	794.736511	0.065449	0.478978	0.017901	0.628347	0.06823	0.719687
796.320618	0.273271	0.325153	0.399245	796.320618	0.065541	0.481002	0.018017	0.632289	0.069661	0.728828
797.904663	0.270475	0.322153	0.397508	797.904663	0.064739	0.476211	0.017715	0.62659	0.069448	0.725568
799.488586	0.271545	0.32224	0.399049	799.488586	0.064836	0.478254	0.017792	0.626688	0.070206	0.727891
801.072388	0.271998	0.322179	0.398389	801.072388	0.065118	0.478878	0.017691	0.626668	0.069953	0.726826
802.65625	0.271846	0.320966	0.393598	802.65625	0.064964	0.478727	0.01749	0.624441	0.06942	0.717775
804.23999	0.273312	0.32338	0.396303	804.23999	0.065251	0.481374	0.01763	0.62913	0.070137	0.722468
805.823608	0.273293	0.321146	0.395814	805.823608	0.064944	0.481642	0.017522	0.62477	0.070546	0.721083
807.407227	0.271818	0.321268	0.396133	807.407227	0.064478	0.479157	0.017438	0.625098	0.07054	0.721725
808.990784	0.272478	0.324492	0.399557	808.990784	0.064446	0.48051	0.01758	0.631404	0.071857	0.727257
810.574219	0.271163	0.321449	0.397104	810.574219	0.064004	0.478323	0.017371	0.625526	0.071438	0.72277
812.157593	0.269262	0.319812	0.39409	812.157593	0.063461	0.475062	0.017126	0.622499	0.070994	0.717187
813.740967	0.2706	0.323094	0.399551	813.740967	0.063869	0.477332	0.017346	0.628842	0.072219	0.726882
815.324219	0.268523	0.321603	0.396946	815.324219	0.063355	0.473692	0.017164	0.626042	0.071996	0.721896
816.907349	0.2694	0.321519	0.397925	816.907349	0.063138	0.475662	0.017202	0.625836	0.072646	0.723205
818.49054	0.2697	0.324596	0.400852	818.49054	0.063334	0.476065	0.017242	0.63195	0.073468	0.728235
820.073547	0.265352	0.318276	0.394466	820.073547	0.061979	0.468725	0.016818	0.619734	0.072904	0.716029
821.656555	0.262379	0.316789	0.393224	821.656555	0.061563	0.463194	0.016663	0.616915	0.072559	0.71389
823.239441	0.264277	0.321287	0.398466	823.239441	0.061725	0.466829	0.016886	0.625688	0.073967	0.722965
824.822266	0.26327	0.319237	0.395992	824.822266	0.061001	0.465538	0.016745	0.621728	0.073885	0.718099
826.404968	0.263319	0.317183	0.394313	826.404968	0.061126	0.465512	0.016615	0.617751	0.073778	0.714848
827.987671	0.263808	0.319246	0.39688	827.987671	0.061463	0.466152	0.016767	0.621724	0.074199	0.719562
829.570313	0.264033	0.319721	0.397359	829.570313	0.06132	0.466745	0.01666	0.622782	0.074842	0.719877
831.152832	0.261667	0.316988	0.392712	831.152832	0.060562	0.462771	0.016487	0.617489	0.074078	0.711346
832.735352	0.26282	0.319057	0.394865	832.735352	0.060943	0.464696	0.016573	0.621542	0.074773	0.714957
834.317688	0.264008	0.3211	0.397911	834.317688	0.060596	0.467419	0.01666	0.625541	0.075522	0.7203
835.900024	0.264576	0.318334	0.397184	835.900024	0.060833	0.468319	0.016399	0.62027	0.075377	0.718992
837.4823	0.261821	0.316822	0.39494	837.4823	0.060202	0.46344	0.016312	0.617332	0.075822	0.714059
839.064453	0.263057	0.318772	0.396506	839.064453	0.060406	0.465708	0.01633	0.621215	0.076194	0.716818
840.646606	0.262785	0.317288	0.396098	840.646606	0.060011	0.465558	0.01624	0.618335	0.076133	0.716063
842.228638	0.260882	0.315023	0.393468	842.228638	0.059391	0.462372	0.016182	0.613863	0.075984	0.710952
843.810547	0.260291	0.313832	0.391755	843.810547	0.059299	0.461283	0.015996	0.611668	0.075794	0.707717
845.392395	0.261335	0.317759	0.395834	845.392395	0.059561	0.46311	0.016223	0.619295	0.076563	0.715106
846.974243	0.259542	0.314697	0.390556	846.974243	0.058857	0.460227	0.016062	0.613333	0.075865	0.705247
848.555847	0.259209	0.315301	0.39315	848.555847	0.05877	0.459648	0.016029	0.614574	0.077116	0.709184
850.137512	0.257633	0.313648	0.39041	850.137512	0.058313	0.456954	0.015942	0.611354	0.076822	0.703998
851.719116	0.256847	0.314686	0.394439	851.719116	0.058106	0.455588	0.016098	0.613274	0.077704	0.711173
853.300598	0.257419	0.314904	0.395378	853.300598	0.057882	0.456955	0.016001	0.613807	0.077827	0.712929
854.882019	0.256716	0.314181	0.39379	854.882019	0.057674	0.455758	0.016054	0.612307	0.077616	0.709964
856.463379	0.258591	0.316892	0.396003	856.463379	0.05827	0.458912	0.016167	0.617617	0.078955	0.713051
858.044617	0.257142	0.313282	0.391835	858.044617	0.057375	0.45691	0.0158	0.610765	0.078036	0.705633
859.625793	0.259346	0.315836	0.397324	859.625793	0.057578	0.461113	0.01605	0.615623	0.079627	0.715021
861.206848	0.25973	0.315927	0.397298	861.206848	0.057648	0.461813	0.015974	0.61588	0.079647	0.714948
862.787903	0.257108	0.313653	0.392482	862.787903	0.057282	0.456935	0.015864	0.611442	0.078842	0.706123
864.368835	0.25841	0.317034	0.396651	864.368835	0.057332	0.459488	0.016073	0.617996	0.08032	0.712982
865.949707	0.255721	0.312375	0.392775	865.949707	0.056526	0.454916	0.015873	0.608876	0.079319	0.706231
867.530457	0.254527	0.31131	0.392718	867.530457	0.056188	0.452866	0.015695	0.606925	0.079926	0.705511
869.111145	0.257791	0.314596	0.401034	869.111145	0.056716	0.458867	0.016013	0.613179	0.081388	0.720681
870.691772	0.252238	0.308477	0.39129	870.691772	0.055329	0.449146	0.015615	0.601338	0.079738	0.702843
872.272339	0.254428	0.310264	0.391914	872.272339	0.055319	0.453538	0.0157	0.604829	0.080342	0.703486
873.852722	0.256251	0.31303	0.399489	873.852722	0.055777	0.456725	0.015866	0.610194	0.08269	0.716288
875.433228	0.250465	0.305193	0.38839	875.433228	0.054457	0.446473	0.01544	0.594947	0.080031	0.696749
877.013489	0.252104	0.306441	0.387904	877.013489	0.054941	0.449267	0.015568	0.597315	0.080059	0.69575
878.593628	0.255793	0.314557	0.400591	878.593628	0.055355	0.456232	0.01596	0.613153	0.082879	0.718302
880.173828	0.252525	0.308834	0.394126	880.173828	0.054386	0.450664	0.015677	0.601991	0.082241	0.706012
881.753784	0.248905	0.302051	0.385321	881.753784	0.053557	0.444253	0.015352	0.58875	0.080567	0.690075
883.333801	0.253421	0.309741	0.396914	883.333801	0.054537	0.452306	0.015856	0.603625	0.083515	0.710312
884.913696	0.255868	0.315724	0.405985	884.913696	0.0547	0.457037	0.016054	0.615395	0.0854	0.726569
886.493469	0.250006	0.307496	0.395031	886.493469	0.053727	0.446285	0.015638	0.599354	0.083193	0.706869
888.073242	0.246014	0.299756	0.381917	888.073242	0.052584	0.439443	0.015261	0.584251	0.080325	0.68351
889.652832	0.249847	0.30771	0.39391	889.652832	0.053045	0.44665	0.015639	0.599782	0.083599	0.70422
891.2323	0.252643	0.311633	0.401881	891.2323	0.053504	0.451783	0.015827	0.607439	0.085976	0.717786
892.811829	0.248725	0.305552	0.394183	892.811829	0.052717	0.444732	0.015595	0.595508	0.083937	0.704429
894.391235	0.245904	0.300965	0.388	894.391235	0.052241	0.439567	0.015377	0.586553	0.083341	0.69266
895.97052	0.249919	0.30603	0.3944	895.97052	0.052731	0.447106	0.015631	0.596429	0.085046	0.703754
897.549683	0.255115	0.311844	0.402033	897.549683	0.053725	0.456504	0.015806	0.607883	0.086281	0.717785
899.128784	0.255797	0.314803	0.407144	899.128784	0.053814	0.45778	0.016026	0.61358	0.088266	0.726023
900.707825	0.250237	0.308607	0.397557	900.707825	0.052599	0.447876	0.015664	0.60155	0.085941	0.709174
902.286804	0.244669	0.297978	0.384288	902.286804	0.050994	0.438345	0.015337	0.580619	0.083464	0.685113
903.865601	0.242356	0.296044	0.380604	903.865601	0.050786	0.433926	0.015151	0.576936	0.083109	0.678099
905.444458	0.249312	0.303286	0.393973	905.444458	0.051914	0.446711	0.015419	0.591153	0.086093	0.701854
907.023071	0.252922	0.310445	0.404895	907.023071	0.053077	0.452767	0.015919	0.604971	0.088382	0.721407
908.601685	0.252729	0.312702	0.405667	908.601685	0.0526	0.452859	0.015872	0.609531	0.089057	0.722277
910.180176	0.251158	0.310994	0.4066	910.180176	0.052561	0.449754	0.015873	0.606116	0.089255	0.723945
911.758606	0.248594	0.306115	0.399633	911.758606	0.051587	0.445601	0.015549	0.596682	0.088053	0.711213
913.336914	0.245311	0.300745	0.391957	913.336914	0.050959	0.439663	0.015357	0.586133	0.08672	0.697195
914.915161	0.244428	0.301072	0.388774	914.915161	0.050791	0.438064	0.015321	0.586823	0.085533	0.692014
916.493347	0.242932	0.299179	0.386545	916.493347	0.050479	0.435384	0.015259	0.583098	0.086493	0.686596
918.071411	0.242642	0.298701	0.387969	918.071411	0.05028	0.435004	0.015126	0.582276	0.086528	0.689409
919.649292	0.242225	0.298741	0.38886	919.649292	0.050252	0.434198	0.015157	0.582326	0.08675	0.69097
921.227234	0.241381	0.299125	0.38857	921.227234	0.050096	0.432666	0.015218	0.583033	0.087015	0.690124
922.804993	0.241624	0.30041	0.390535	922.804993	0.049766	0.433481	0.015243	0.585577	0.088079	0.692991
924.38269	0.241668	0.300359	0.393781	924.38269	0.050042	0.433295	0.015242	0.585477	0.088894	0.698668
925.960327	0.242059	0.30075	0.39113	925.960327	0.049414	0.434703	0.015202	0.586299	0.088388	0.693871
927.537781	0.241017	0.29855	0.389237	927.537781	0.049361	0.432673	0.015123	0.581977	0.087867	0.690606
929.115234	0.23964	0.296864	0.385873	929.115234	0.049191	0.430089	0.015007	0.578721	0.087521	0.684225
930.692566	0.240438	0.295316	0.38674	930.692566	0.049393	0.431484	0.014928	0.575703	0.087783	0.685696
932.269836	0.240818	0.295967	0.387425	932.269836	0.049071	0.432565	0.014957	0.576977	0.089173	0.685676
933.846985	0.240699	0.295857	0.386144	933.846985	0.049235	0.432164	0.014982	0.576732	0.088319	0.683968
935.424011	0.241762	0.298056	0.392248	935.424011	0.049129	0.434395	0.015065	0.581047	0.090041	0.694455
937.000977	0.240795	0.298554	0.39315	937.000977	0.048827	0.432762	0.015066	0.582043	0.090249	0.696051
938.57782	0.242847	0.299491	0.395065	938.57782	0.049226	0.436469	0.015004	0.583978	0.091315	0.698816
940.154602	0.244457	0.301908	0.400211	940.154602	0.049429	0.439485	0.015281	0.588534	0.092855	0.707567
941.731262	0.243596	0.3023	0.39791	941.731262	0.049182	0.43801	0.015142	0.589458	0.09194	0.70388
943.307922	0.242053	0.30217	0.395994	943.307922	0.048479	0.435626	0.015201	0.589139	0.091609	0.700379
944.884399	0.240114	0.300674	0.394888	944.884399	0.048482	0.431746	0.015175	0.586174	0.09226	0.697516
946.460754	0.24023	0.300346	0.396028	946.460754	0.048478	0.431982	0.014993	0.5857	0.092199	0.699856
948.036987	0.239934	0.300377	0.39281	948.036987	0.047915	0.431953	0.015015	0.585739	0.092256	0.693364
949.613281	0.238839	0.298652	0.392424	949.613281	0.047708	0.429969	0.014934	0.58237	0.092685	0.692163
951.189331	0.237579	0.298666	0.391401	951.189331	0.047337	0.427821	0.014967	0.582366	0.092459	0.690343
952.76532	0.23626	0.298482	0.391698	952.76532	0.047247	0.425273	0.01479	0.582175	0.092106	0.691289
954.341309	0.23808	0.298977	0.39136	954.341309	0.047341	0.428819	0.014875	0.583079	0.092372	0.690347
955.917114	0.236559	0.297824	0.389214	955.917114	0.046814	0.426304	0.01471	0.580939	0.092494	0.685934
957.492798	0.237149	0.298171	0.391863	957.492798	0.04724	0.427058	0.014831	0.58151	0.093721	0.690006
959.068359	0.236325	0.297296	0.389983	959.068359	0.046636	0.426015	0.014712	0.57988	0.092888	0.687079
960.643921	0.235529	0.297753	0.392059	960.643921	0.046455	0.424602	0.014854	0.580652	0.094303	0.689816
962.21936	0.236195	0.298558	0.394533	962.21936	0.046527	0.425864	0.01468	0.582436	0.094751	0.694314
963.794617	0.236959	0.300395	0.392177	963.794617	0.046544	0.427374	0.014789	0.586001	0.094419	0.689935
965.369934	0.235386	0.296879	0.390143	965.369934	0.046252	0.424521	0.014659	0.5791	0.094258	0.686029
966.945007	0.234472	0.296023	0.388035	966.945007	0.04573	0.423214	0.014512	0.577535	0.093903	0.682168
968.52002	0.233825	0.294455	0.386337	968.52002	0.046172	0.421478	0.01447	0.57444	0.093117	0.679556
970.09491	0.234179	0.295081	0.387066	970.09491	0.045872	0.422486	0.014616	0.575545	0.093339	0.680793
971.6698	0.234727	0.295866	0.388467	971.6698	0.045246	0.424209	0.01454	0.577193	0.094642	0.682292
973.244507	0.234196	0.294358	0.388848	973.244507	0.04576	0.422632	0.014532	0.574184	0.094168	0.683527
974.819153	0.232301	0.295308	0.388941	974.819153	0.044764	0.419837	0.014455	0.576162	0.094998	0.682885
976.393677	0.233206	0.296024	0.390862	976.393677	0.045181	0.421231	0.014627	0.577421	0.095467	0.686256
977.968079	0.233642	0.296708	0.393159	977.968079	0.044796	0.422489	0.014536	0.578879	0.095862	0.690456
979.542358	0.233821	0.29661	0.392083	979.542358	0.04485	0.422793	0.014533	0.578687	0.096013	0.688152
981.116577	0.232507	0.294846	0.392527	981.116577	0.044742	0.420272	0.014406	0.575285	0.096278	0.688776
982.690735	0.232664	0.295058	0.392501	982.690735	0.044694	0.420634	0.014504	0.575613	0.096626	0.688376
984.264771	0.232368	0.294725	0.390704	984.264771	0.043841	0.420894	0.014379	0.575071	0.096945	0.684463
985.838684	0.231553	0.294514	0.389846	985.838684	0.043904	0.419202	0.014242	0.574785	0.096906	0.682786
987.412415	0.230781	0.293111	0.390425	987.412415	0.044283	0.417279	0.014315	0.571906	0.097084	0.683766
988.986145	0.230845	0.292629	0.387992	988.986145	0.044008	0.417682	0.014246	0.571011	0.096119	0.679865
990.559753	0.231247	0.293926	0.389657	990.559753	0.043507	0.418988	0.014344	0.573508	0.097041	0.682273
992.133179	0.231446	0.293027	0.390548	992.133179	0.043298	0.419593	0.014368	0.571687	0.097535	0.68356
993.706665	0.230929	0.292953	0.391575	993.706665	0.04316	0.418698	0.014459	0.571447	0.097999	0.685151
995.279907	0.23249	0.294571	0.393804	995.279907	0.043701	0.421278	0.0144	0.574743	0.098733	0.688875
996.853027	0.232744	0.293716	0.395376	996.853027	0.043616	0.421871	0.014266	0.573165	0.098439	0.692313
998.426147	0.232145	0.292156	0.394522	998.426147	0.043095	0.421196	0.014216	0.570097	0.099179	0.689866
999.999146	0.231828	0.292626	0.394188	999.999146	0.043103	0.420553	0.014294	0.570958	0.100233	0.688143
1012.878723	0.219634	0.282596	0.377554	1012.878723	0.040885	0.398382	0.014511	0.550681	0.095578	0.65953
1016.250183	0.220219	0.283241	0.378417	1016.250183	0.041081	0.399357	0.014478	0.552005	0.096129	0.660706
1019.622375	0.218568	0.283186	0.37878	1019.622375	0.040479	0.396656	0.014507	0.551865	0.09727	0.66029
1022.995239	0.217537	0.283512	0.380418	1022.995239	0.040112	0.394963	0.014493	0.55253	0.09756	0.663275
1026.368652	0.216368	0.281675	0.378979	1026.368652	0.039865	0.392872	0.014451	0.548899	0.098012	0.659946
1029.74292	0.215208	0.281358	0.380239	1029.74292	0.039349	0.391066	0.014448	0.548267	0.098613	0.661866
1033.117676	0.214854	0.281342	0.380352	1033.117676	0.039134	0.390575	0.014449	0.548236	0.099239	0.661465
1036.493286	0.213591	0.280765	0.377369	1036.493286	0.03893	0.388253	0.014449	0.547081	0.099092	0.655646
1039.869385	0.213479	0.279525	0.379873	1039.869385	0.03857	0.388389	0.014343	0.544707	0.100444	0.659302
1043.246338	0.212164	0.276837	0.379789	1043.246338	0.038201	0.386126	0.014235	0.539438	0.100803	0.658775
1046.623779	0.212033	0.278145	0.380574	1046.623779	0.038044	0.386022	0.014293	0.541997	0.101571	0.659576
1050.001953	0.210829	0.27576	0.376191	1050.001953	0.037638	0.384019	0.014173	0.537347	0.100846	0.651535
1053.380859	0.211438	0.275905	0.377588	1053.380859	0.037708	0.385168	0.014208	0.537601	0.101797	0.653379
1056.760498	0.209323	0.274847	0.37434	1056.760498	0.037183	0.381463	0.014096	0.535599	0.101205	0.647476
1060.140625	0.209767	0.27624	0.377091	1060.140625	0.037067	0.382467	0.01422	0.538261	0.102816	0.651367
1063.521484	0.208072	0.27595	0.37928	1063.521484	0.036684	0.379461	0.014164	0.537736	0.103611	0.654948
1066.903076	0.207451	0.274488	0.375134	1066.903076	0.036424	0.378477	0.014086	0.534891	0.103164	0.647104
1070.2854	0.207049	0.271618	0.375948	1070.2854	0.036241	0.377857	0.013949	0.529287	0.104167	0.647729
1073.668213	0.205786	0.270423	0.373833	1073.668213	0.035948	0.375625	0.0139	0.526945	0.104046	0.64362
1077.051758	0.20654	0.272953	0.378783	1077.051758	0.035959	0.377122	0.014018	0.531887	0.106159	0.651406
1080.436035	0.207255	0.272724	0.380344	1080.436035	0.035864	0.378645	0.013978	0.531469	0.106767	0.65392
1083.820923	0.207681	0.272237	0.383793	1083.820923	0.035835	0.379528	0.014017	0.530458	0.108145	0.659441
1087.206543	0.204626	0.271051	0.379513	1087.206543	0.035104	0.374148	0.014009	0.528093	0.107652	0.651374
1090.592773	0.203529	0.269381	0.37765	1090.592773	0.034846	0.372213	0.013908	0.524853	0.107824	0.647476
1093.979736	0.203322	0.271679	0.375854	1093.979736	0.034549	0.372095	0.013997	0.529362	0.107458	0.64425
1097.36731	0.204643	0.273329	0.380291	1097.36731	0.03465	0.374636	0.014093	0.532565	0.10926	0.651322
1100.755615	0.202715	0.273423	0.378099	1100.755615	0.034146	0.371285	0.014105	0.532742	0.108988	0.64721
1104.144531	0.203789	0.27557	0.382172	1104.144531	0.034168	0.37341	0.014193	0.536947	0.110288	0.654055
1107.53418	0.20154	0.270322	0.377454	1107.53418	0.033719	0.369361	0.013895	0.526749	0.109126	0.645781
1110.924438	0.203564	0.269571	0.380282	1110.924438	0.033773	0.373355	0.013934	0.525208	0.109862	0.650702
1114.31543	0.201872	0.269444	0.378475	1114.31543	0.033371	0.370374	0.01389	0.524997	0.11042	0.646531
1117.707031	0.204165	0.270975	0.380469	1117.707031	0.033573	0.374757	0.013926	0.528023	0.110506	0.650432
1121.099365	0.201139	0.269053	0.377401	1121.099365	0.033012	0.369266	0.0139	0.524206	0.110655	0.644146
1124.49231	0.201679	0.267754	0.379079	1124.49231	0.032852	0.370507	0.013826	0.521683	0.110784	0.647374
1127.885986	0.199495	0.268432	0.381044	1127.885986	0.032391	0.366599	0.013867	0.522997	0.112951	0.649138
1131.280273	0.198697	0.26764	0.378115	1131.280273	0.032221	0.365173	0.013847	0.521434	0.111258	0.644971
1134.675293	0.19694	0.266744	0.379005	1134.675293	0.031725	0.362155	0.013846	0.519641	0.112494	0.645517
1138.070923	0.198499	0.267227	0.375276	1138.070923	0.031805	0.365193	0.013857	0.520597	0.110979	0.639574
1141.467285	0.198341	0.266421	0.378979	1141.467285	0.031648	0.365034	0.013843	0.518999	0.113148	0.64481
1144.864258	0.197271	0.266048	0.374626	1144.864258	0.031503	0.363039	0.013767	0.518328	0.110883	0.63837
1148.261963	0.197	0.266486	0.378308	1148.261963	0.031265	0.362735	0.013892	0.519081	0.113282	0.643333
1151.660278	0.196621	0.26434	0.374643	1151.660278	0.031047	0.362196	0.013779	0.514902	0.111706	0.637579
1155.059326	0.195783	0.265967	0.377244	1155.059326	0.030834	0.360732	0.013853	0.518081	0.113234	0.641255
1158.458984	0.196291	0.265487	0.372342	1158.458984	0.03069	0.361893	0.013908	0.517066	0.11122	0.633465
1161.859253	0.196174	0.264366	0.379383	1161.859253	0.030552	0.361795	0.013816	0.514916	0.11431	0.644457
1165.260376	0.191809	0.261832	0.375374	1165.260376	0.029621	0.353998	0.013779	0.509885	0.112366	0.638383
1168.661987	0.19192	0.258908	0.373522	1168.661987	0.029692	0.354148	0.01362	0.504195	0.113077	0.633967
1172.064453	0.192745	0.261473	0.37069	1172.064453	0.029804	0.355686	0.013838	0.509109	0.111897	0.629483
1175.467529	0.192078	0.2598	0.375151	1175.467529	0.029491	0.354665	0.013713	0.505887	0.113957	0.636345
1178.871216	0.191687	0.260946	0.370652	1178.871216	0.029277	0.354096	0.013907	0.507986	0.112055	0.629249
1182.275635	0.193516	0.259336	0.375402	1182.275635	0.029518	0.357514	0.013803	0.504869	0.114443	0.636361
1185.680664	0.193963	0.26034	0.373223	1185.680664	0.029417	0.358509	0.013864	0.506816	0.113397	0.633049
1189.086304	0.190698	0.260397	0.377445	1189.086304	0.028875	0.352521	0.014009	0.506784	0.115779	0.639112
1192.492798	0.191042	0.258843	0.371837	1192.492798	0.028797	0.353286	0.013841	0.503846	0.113006	0.630669
1195.89978	0.189384	0.260624	0.375907	1195.89978	0.028322	0.350445	0.014036	0.507213	0.115085	0.636729
1199.307617	0.189685	0.25801	0.369928	1199.307617	0.028491	0.350879	0.01391	0.502109	0.112562	0.627295
1202.716064	0.189096	0.258562	0.371859	1202.716064	0.028297	0.349895	0.014046	0.503079	0.114405	0.629314
1206.125122	0.189657	0.258174	0.370246	1206.125122	0.028368	0.350947	0.014074	0.502273	0.113198	0.627294
1209.534912	0.187998	0.256202	0.373415	1209.534912	0.027806	0.34819	0.013999	0.498405	0.114579	0.632251
1212.945313	0.189173	0.257368	0.371843	1212.945313	0.027957	0.350388	0.01407	0.500667	0.113641	0.630045
1216.356445	0.188473	0.257524	0.371303	1216.356445	0.02772	0.349226	0.014114	0.500934	0.114565	0.628041
1219.768188	0.187603	0.255768	0.369369	1219.768188	0.027664	0.347542	0.014091	0.497444	0.113221	0.625517
1223.180664	0.186389	0.255544	0.37435	1223.180664	0.027374	0.345403	0.014126	0.496962	0.11569	0.633009
1226.59375	0.185579	0.254026	0.367485	1226.59375	0.026917	0.344241	0.014128	0.493923	0.112838	0.622132
1230.007568	0.184818	0.253981	0.371309	1230.007568	0.026857	0.342779	0.014072	0.49389	0.115296	0.627321
1233.421997	0.185394	0.252886	0.367328	1233.421997	0.026952	0.343836	0.014028	0.491743	0.113421	0.621235
1236.837158	0.182248	0.252309	0.372549	1236.837158	0.02626	0.338236	0.014015	0.490603	0.115913	0.629184
1240.25293	0.185043	0.25248	0.370486	1240.25293	0.026508	0.343579	0.014095	0.490865	0.114541	0.626432
1243.669434	0.182629	0.253071	0.372528	1243.669434	0.026152	0.339106	0.014132	0.492009	0.116097	0.628959
1247.086548	0.183142	0.253406	0.370801	1247.086548	0.026269	0.340016	0.014199	0.492614	0.114643	0.626959
1250.504395	0.184519	0.25163	0.374879	1250.504395	0.026223	0.342815	0.01413	0.489131	0.117458	0.632301
1253.922852	0.183299	0.252247	0.369167	1253.922852	0.025974	0.340623	0.014208	0.490287	0.114792	0.623541
1257.342041	0.181375	0.25236	0.374318	1257.342041	0.025654	0.337095	0.01416	0.490559	0.117539	0.631098
1260.761841	0.17943	0.251313	0.365089	1260.761841	0.025216	0.333645	0.01412	0.488506	0.113468	0.616711
1264.182373	0.180714	0.251594	0.372891	1264.182373	0.025342	0.336087	0.014229	0.488959	0.117028	0.628753
1267.603516	0.178679	0.247897	0.363257	1267.603516	0.025009	0.332349	0.014095	0.4817	0.113752	0.612762
1271.025391	0.181519	0.250128	0.372827	1271.025391	0.02529	0.337749	0.014281	0.485975	0.117359	0.628295
1274.447998	0.179298	0.248432	0.365116	1274.447998	0.024893	0.333703	0.014124	0.48274	0.113953	0.61628
1277.871094	0.179262	0.25143	0.370858	1277.871094	0.024841	0.333684	0.014296	0.488565	0.116718	0.624999
1281.294922	0.177474	0.248389	0.363472	1281.294922	0.024378	0.330569	0.014171	0.482606	0.114081	0.612864
1284.719482	0.17652	0.249155	0.364726	1284.719482	0.02419	0.32885	0.014211	0.484099	0.115991	0.61346
1288.144775	0.176196	0.249015	0.360888	1288.144775	0.024015	0.328377	0.014197	0.483833	0.113827	0.607949
1291.570557	0.176888	0.249077	0.364064	1291.570557	0.024043	0.329734	0.014193	0.483961	0.115793	0.612335
1294.997192	0.177523	0.248897	0.362816	1294.997192	0.023957	0.331089	0.014239	0.483554	0.114609	0.611024
1298.424316	0.176955	0.2486	0.366637	1298.424316	0.023855	0.330056	0.014363	0.482836	0.117807	0.615466
1301.852295	0.175958	0.245018	0.356867	1301.852295	0.023621	0.328294	0.014127	0.47591	0.113995	0.599739
1305.280762	0.176818	0.24861	0.362871	1305.280762	0.023788	0.329847	0.014334	0.482886	0.116951	0.60879
1308.710083	0.175497	0.247331	0.361615	1308.710083	0.023326	0.327668	0.014316	0.480347	0.115174	0.608056
1312.139893	0.177433	0.248692	0.368719	1312.139893	0.023526	0.33134	0.0143	0.483084	0.119221	0.618216
1315.570557	0.176486	0.248389	0.359786	1315.570557	0.023302	0.32967	0.014423	0.482355	0.115223	0.604349
1319.001709	0.178121	0.249068	0.365435	1319.001709	0.023527	0.332715	0.014328	0.483807	0.118212	0.612659
1322.433716	0.178239	0.24913	0.3671	1322.433716	0.023203	0.333275	0.014471	0.483789	0.117685	0.616514
1325.866333	0.176648	0.250164	0.371926	1325.866333	0.023054	0.330242	0.014478	0.48585	0.121009	0.622843
1329.299561	0.177351	0.248702	0.369058	1329.299561	0.023039	0.331663	0.014486	0.482917	0.118648	0.619468
1332.733521	0.177102	0.246342	0.371356	1332.733521	0.022902	0.331301	0.014302	0.478382	0.121494	0.621218
1336.168091	0.176453	0.247465	0.369098	1336.168091	0.022828	0.330078	0.01451	0.48042	0.120315	0.617882
1339.603271	0.176514	0.250011	0.373352	1339.603271	0.022664	0.330363	0.01473	0.485292	0.123086	0.623618
1343.039307	0.176433	0.246853	0.369854	1343.039307	0.022493	0.330373	0.014459	0.479248	0.121063	0.618644
1346.47583	0.175816	0.249469	0.375378	1346.47583	0.022428	0.329204	0.014578	0.48436	0.124075	0.626681
1349.913208	0.172455	0.246184	0.36863	1349.913208	0.021896	0.323014	0.014564	0.477805	0.121484	0.615777
1353.351196	0.172354	0.246026	0.367897	1353.351196	0.021872	0.322837	0.014528	0.477524	0.122557	0.613237
1356.789795	0.173295	0.245804	0.369579	1356.789795	0.022009	0.32458	0.014546	0.477061	0.123627	0.61553
1360.229126	0.172067	0.249388	0.369228	1360.229126	0.021737	0.322396	0.014875	0.4839	0.123439	0.615017
1363.669189	0.171583	0.250548	0.370666	1363.669189	0.021354	0.321811	0.014803	0.486292	0.124473	0.61686
1367.109741	0.172748	0.248449	0.374053	1367.109741	0.021575	0.323922	0.014839	0.48206	0.125744	0.622362
1370.551025	0.172839	0.248782	0.377334	1370.551025	0.021535	0.324142	0.014896	0.482667	0.127325	0.627343
1373.993042	0.175244	0.250042	0.374002	1373.993042	0.021627	0.32886	0.014939	0.485145	0.126628	0.621375
1377.435791	0.173728	0.251617	0.372456	1377.435791	0.021396	0.326061	0.014942	0.488292	0.127478	0.617433
1380.87915	0.169857	0.248431	0.370688	1380.87915	0.020914	0.3188	0.014735	0.482127	0.126702	0.614673
1384.322998	0.171466	0.24882	0.368274	1384.322998	0.020854	0.322078	0.014945	0.482694	0.125379	0.611169
1387.767822	0.171804	0.247304	0.371003	1387.767822	0.021061	0.322546	0.014832	0.479777	0.126986	0.615019
1391.213135	0.171071	0.245293	0.368225	1391.213135	0.020869	0.321273	0.014915	0.47567	0.126836	0.609614
1394.65918	0.168515	0.243176	0.362424	1394.65918	0.020476	0.316554	0.014681	0.471671	0.125393	0.599455
1398.105835	0.167223	0.243946	0.362938	1398.105835	0.020382	0.314065	0.014725	0.473167	0.125903	0.599973
1401.553223	0.171473	0.247423	0.37109	1401.553223	0.020707	0.32224	0.01511	0.479737	0.129553	0.612627
1405.001221	0.166752	0.243335	0.366026	1405.001221	0.020054	0.31345	0.014816	0.471853	0.126968	0.605085
1408.449951	0.169318	0.244494	0.373307	1408.449951	0.020314	0.318322	0.014839	0.47415	0.129738	0.616876
1411.899292	0.171012	0.244624	0.370054	1411.899292	0.020513	0.321511	0.014998	0.474251	0.129406	0.610702
1415.349365	0.169521	0.244652	0.373131	1415.349365	0.020151	0.318891	0.015091	0.474214	0.131993	0.61427
1418.800049	0.166654	0.242249	0.378749	1418.800049	0.019772	0.313537	0.01493	0.469567	0.134126	0.623372
1422.251465	0.165084	0.2448	0.374863	1422.251465	0.019386	0.310781	0.015145	0.474456	0.133389	0.616337
1425.703491	0.166835	0.242406	0.371028	1425.703491	0.01951	0.314159	0.014922	0.469891	0.13215	0.609907
1429.15625	0.167771	0.241474	0.371595	1429.15625	0.019782	0.31576	0.014978	0.467969	0.132485	0.610705
1432.609619	0.16777	0.242789	0.375515	1432.609619	0.019595	0.315944	0.014981	0.470596	0.134238	0.616791
1436.063721	0.165075	0.242798	0.372246	1436.063721	0.019243	0.310906	0.015295	0.470301	0.133926	0.610566
1439.518555	0.16723	0.24165	0.375892	1439.518555	0.019442	0.315018	0.014891	0.46841	0.135484	0.6163
1442.973877	0.166891	0.238324	0.379349	1442.973877	0.01924	0.314542	0.014918	0.46173	0.137508	0.621191
1446.430054	0.164684	0.240929	0.378301	1446.430054	0.018794	0.310575	0.015205	0.466654	0.137812	0.618791
1449.886841	0.163416	0.240347	0.37577	1449.886841	0.018623	0.308209	0.015136	0.465558	0.137115	0.614424
1453.344238	0.165491	0.23968	0.373944	1453.344238	0.018835	0.312147	0.015281	0.464079	0.137154	0.610733
1456.802368	0.16487	0.237881	0.373816	1456.802368	0.018718	0.311022	0.015208	0.460554	0.136572	0.61106
1460.261108	0.165031	0.239595	0.381913	1460.261108	0.018732	0.311331	0.015186	0.464004	0.140446	0.623379
1463.720581	0.161703	0.236313	0.373792	1463.720581	0.018236	0.30517	0.015024	0.457602	0.137144	0.610441
1467.180786	0.165294	0.23651	0.376227	1467.180786	0.018669	0.311919	0.014971	0.458048	0.138962	0.613492
1470.641479	0.161927	0.236566	0.378667	1470.641479	0.018227	0.305628	0.015167	0.457966	0.140319	0.617016
1474.103027	0.163654	0.237321	0.378618	1474.103027	0.018408	0.3089	0.015192	0.45945	0.141333	0.615903
1477.565186	0.165142	0.240045	0.380368	1477.565186	0.018327	0.311958	0.015599	0.464492	0.142369	0.618366
1481.027954	0.161276	0.237548	0.377683	1481.027954	0.017866	0.304685	0.015467	0.459629	0.141992	0.613375
1484.491455	0.163461	0.237871	0.383762	1484.491455	0.018046	0.308877	0.015324	0.460418	0.144031	0.623493
1487.955566	0.165245	0.23757	0.385756	1487.955566	0.018289	0.312201	0.015298	0.459841	0.145253	0.626258
1491.42041	0.162021	0.237223	0.382676	1491.42041	0.017991	0.306051	0.01536	0.459086	0.144922	0.620431
1494.885986	0.16446	0.239076	0.387578	1494.885986	0.017914	0.311006	0.015661	0.46249	0.146676	0.628479
1498.352051	0.162347	0.239124	0.380283	1498.352051	0.017741	0.306953	0.015651	0.462598	0.144758	0.615808
1501.81897	0.159971	0.238415	0.379755	1501.81897	0.017476	0.302466	0.01574	0.461091	0.144768	0.614742
1505.286377	0.162997	0.236235	0.381751	1505.286377	0.017663	0.308331	0.015769	0.4567	0.146965	0.616536
1508.754639	0.16198	0.237727	0.38294	1508.754639	0.017498	0.306463	0.015674	0.459779	0.147131	0.618749
1512.223389	0.163283	0.239237	0.38258	1512.223389	0.017534	0.309032	0.015818	0.462656	0.146901	0.61826
1515.692993	0.161977	0.237539	0.384588	1515.692993	0.017278	0.306676	0.015841	0.459237	0.148542	0.620633
1519.163208	0.159012	0.234625	0.379754	1519.163208	0.016859	0.301165	0.015739	0.453512	0.146053	0.613454
1522.634033	0.159578	0.23431	0.375864	1522.634033	0.016852	0.302304	0.015551	0.453069	0.144842	0.606886
1526.105591	0.159338	0.232981	0.377706	1526.105591	0.016983	0.301693	0.015809	0.450153	0.146675	0.608737
1529.577881	0.15678	0.234886	0.375771	1529.577881	0.016648	0.296911	0.015766	0.454007	0.14679	0.604753
1533.050659	0.155949	0.231431	0.371749	1533.050659	0.016421	0.295477	0.015667	0.447195	0.14491	0.598586
1536.52417	0.15613	0.231013	0.376025	1536.52417	0.016137	0.296124	0.01569	0.446336	0.146702	0.605349
1539.998413	0.157361	0.230828	0.378616	1539.998413	0.016404	0.298318	0.01561	0.446045	0.148021	0.609211
1543.473389	0.154391	0.232759	0.379219	1543.473389	0.016059	0.292723	0.015947	0.44957	0.148113	0.610325
1546.948975	0.157449	0.235322	0.386536	1546.948975	0.016258	0.29864	0.015863	0.454782	0.151133	0.621939
1550.425171	0.157159	0.232047	0.376804	1550.425171	0.016276	0.298041	0.015852	0.448243	0.147256	0.606353
1553.9021	0.157381	0.231835	0.380957	1553.9021	0.016283	0.298478	0.016077	0.447594	0.150013	0.611901
1557.379639	0.158329	0.231754	0.376323	1557.379639	0.016197	0.30046	0.0161	0.447408	0.148186	0.604459
1560.85791	0.156513	0.231945	0.382956	1560.85791	0.016185	0.296841	0.016033	0.447857	0.149768	0.616144
1564.336792	0.15602	0.231733	0.381588	1564.336792	0.01595	0.296089	0.016067	0.447398	0.151079	0.612098
1567.816528	0.158207	0.231594	0.377425	1567.816528	0.016031	0.300382	0.016009	0.447178	0.149397	0.605453
1571.296753	0.153942	0.230659	0.382184	1571.296753	0.015776	0.292108	0.015824	0.445494	0.152135	0.612233
1574.777588	0.151673	0.228876	0.379881	1574.777588	0.015407	0.287939	0.016039	0.441712	0.151068	0.608694
1578.259277	0.151871	0.229166	0.387347	1578.259277	0.015262	0.28848	0.015947	0.442385	0.15347	0.621223
1581.741577	0.151799	0.226916	0.380883	1581.741577	0.015262	0.288336	0.015803	0.438029	0.15064	0.611126
1585.224487	0.150946	0.228167	0.387101	1585.224487	0.015078	0.286813	0.016055	0.440279	0.154701	0.6195
1588.708252	0.152721	0.229174	0.380841	1588.708252	0.015265	0.290177	0.015813	0.442535	0.151613	0.610069
1592.192505	0.153106	0.22669	0.37777	1592.192505	0.015325	0.290888	0.015681	0.437699	0.15071	0.60483
1595.67749	0.155648	0.229037	0.379181	1595.67749	0.01549	0.295805	0.015898	0.442175	0.152069	0.606293
1599.163086	0.155228	0.230084	0.384209	1599.163086	0.015296	0.29516	0.016171	0.443998	0.153524	0.614895
1602.649414	0.151882	0.226236	0.375951	1602.649414	0.014934	0.28883	0.015937	0.436535	0.151016	0.600886
1606.136475	0.150566	0.227942	0.37854	1606.136475	0.014931	0.2862	0.016069	0.439816	0.152521	0.604558
1609.624023	0.155451	0.228725	0.372204	1609.624023	0.015193	0.295708	0.016271	0.441178	0.149916	0.594491
1613.112427	0.153998	0.227082	0.371625	1613.112427	0.015091	0.292906	0.01597	0.438194	0.149922	0.593329
1616.601318	0.152026	0.225817	0.377312	1616.601318	0.015097	0.288954	0.015814	0.435819	0.151994	0.602631
1620.091064	0.150251	0.224388	0.373264	1620.091064	0.014627	0.285875	0.016107	0.43267	0.152536	0.593992
1623.581299	0.1534	0.23016	0.377557	1623.581299	0.014902	0.291899	0.016224	0.444096	0.153169	0.601946
1627.072388	0.151979	0.231066	0.374874	1627.072388	0.014805	0.289152	0.01628	0.445853	0.151724	0.598023
1630.564087	0.151379	0.227776	0.381262	1630.564087	0.014685	0.288072	0.016278	0.439274	0.152913	0.609612
1634.056396	0.147879	0.226825	0.373321	1634.056396	0.014158	0.2816	0.016371	0.437279	0.15103	0.595611
1637.549561	0.148253	0.228855	0.374677	1637.549561	0.014194	0.282313	0.016593	0.441116	0.151477	0.597876
1641.043213	0.152575	0.231735	0.386942	1641.043213	0.01458	0.290571	0.016525	0.446946	0.156198	0.617685
1644.537476	0.153801	0.230424	0.39276	1644.537476	0.014739	0.292862	0.01641	0.444439	0.158785	0.626734
1648.032593	0.150424	0.226579	0.38102	1648.032593	0.01449	0.286358	0.01618	0.436978	0.153258	0.608782
1651.52832	0.151626	0.227973	0.383655	1651.52832	0.014606	0.288647	0.016116	0.439829	0.155403	0.611906
1655.024658	0.150877	0.230722	0.383737	1655.024658	0.01422	0.287534	0.016607	0.444837	0.15534	0.612134
1658.521729	0.152069	0.229573	0.385366	1658.521729	0.014076	0.290062	0.016415	0.442731	0.155063	0.615668
1662.019531	0.155275	0.236887	0.393934	1662.019531	0.014506	0.296044	0.01692	0.456854	0.159871	0.627997
1665.517944	0.151697	0.231241	0.387839	1665.517944	0.014175	0.289219	0.016724	0.445759	0.15724	0.618437
1669.016968	0.152676	0.231995	0.386955	1669.016968	0.014308	0.291043	0.016995	0.446994	0.156896	0.617015
1672.516846	0.151845	0.231139	0.381204	1672.516846	0.013831	0.289859	0.016851	0.445428	0.154687	0.607722
1676.017212	0.151542	0.233014	0.385128	1676.017212	0.014046	0.289037	0.017132	0.448896	0.155975	0.614282
1679.518188	0.15244	0.23136	0.382935	1679.518188	0.014281	0.290599	0.016838	0.445881	0.155453	0.610417
1683.019897	0.152661	0.231994	0.37836	1683.019897	0.014005	0.291317	0.017107	0.446881	0.154523	0.602197
1686.522461	0.147855	0.22778	0.370003	1686.522461	0.014062	0.281649	0.016981	0.438578	0.149704	0.590301
