#Average polarization				Separate polarizations						
#Wavelength (nm)	55.00 incidence reflectance	65.00 incidence reflectance	75.00 incidence reflectance	Wavelength (nm)	"p-Intensity, 55.00 incidence reflectance"	"s-Intensity, 55.00 incidence reflectance"	"p-Intensity, 65.00 incidence reflectance"	"s-Intensity, 65.00 incidence reflectance"	"p-Intensity, 75 incidence reflectance"	"s-Intensity, 75 incidence reflectance"
192.414993	0.165745	0.149283	0.22797	192.414993	0.073006	0.258483	0.0132	0.285367	0.059529	0.396411
194.001999	0.166035	0.149814	0.226987	194.001999	0.073732	0.258337	0.013441	0.286187	0.057602	0.396372
195.589081	0.166482	0.149874	0.226412	195.589081	0.074118	0.258845	0.013674	0.286074	0.058198	0.394625
197.176178	0.166643	0.149398	0.225713	197.176178	0.074441	0.258845	0.013571	0.285226	0.057308	0.394117
198.763351	0.165692	0.148686	0.223274	198.763351	0.074296	0.257088	0.013873	0.283499	0.056315	0.390234
200.350571	0.166545	0.149068	0.22257	200.350571	0.075651	0.25744	0.013795	0.284342	0.056275	0.388866
201.937836	0.167897	0.149497	0.22232	201.937836	0.076283	0.259512	0.014296	0.284698	0.0558	0.388839
203.525162	0.169486	0.150344	0.222244	203.525162	0.077542	0.26143	0.01505	0.285638	0.055583	0.388905
205.112518	0.171482	0.150685	0.221389	205.112518	0.079399	0.263565	0.015281	0.286089	0.054787	0.387991
206.699921	0.173222	0.151901	0.221335	206.699921	0.081047	0.265396	0.016122	0.28768	0.054559	0.388111
208.287399	0.175695	0.152894	0.221179	208.287399	0.082989	0.268402	0.016732	0.289057	0.053609	0.38875
209.874908	0.177819	0.154079	0.220775	209.874908	0.084383	0.271255	0.017333	0.290825	0.052941	0.388608
211.462448	0.179762	0.155251	0.219553	211.462448	0.085942	0.273581	0.017982	0.29252	0.052372	0.386734
213.050049	0.181247	0.155821	0.219016	213.050049	0.087205	0.275288	0.018739	0.292903	0.051695	0.386337
214.637695	0.1828	0.157073	0.218758	214.637695	0.088146	0.277455	0.019294	0.294851	0.051016	0.3865
216.225388	0.18388	0.157589	0.218362	216.225388	0.088859	0.278901	0.019291	0.295887	0.050363	0.386361
217.813141	0.184494	0.157608	0.218531	217.813141	0.089184	0.279803	0.019435	0.29578	0.050094	0.386967
219.400925	0.184443	0.158557	0.218428	219.400925	0.08911	0.279777	0.019537	0.297577	0.049708	0.387147
220.98877	0.184243	0.158303	0.21881	220.98877	0.088562	0.279923	0.019068	0.297539	0.049468	0.388153
222.57663	0.184411	0.158096	0.219067	222.57663	0.087926	0.280896	0.018702	0.297491	0.049577	0.388558
224.164581	0.184002	0.158827	0.220072	224.164581	0.087247	0.280757	0.018295	0.299359	0.050181	0.389962
225.752533	0.184142	0.159822	0.221704	225.752533	0.086857	0.281426	0.018018	0.301627	0.050414	0.392994
227.340546	0.184229	0.160266	0.223226	227.340546	0.08636	0.282099	0.017469	0.303064	0.051012	0.395441
228.928619	0.183548	0.160094	0.224195	228.928619	0.085226	0.28187	0.016964	0.303223	0.051139	0.39725
230.516693	0.18259	0.159515	0.22452	230.516693	0.084229	0.280951	0.016397	0.302633	0.051328	0.397712
232.104858	0.181415	0.158824	0.224958	232.104858	0.082612	0.280218	0.015832	0.301816	0.051661	0.398254
233.693039	0.180716	0.15879	0.225614	233.693039	0.081499	0.279933	0.015272	0.302308	0.052359	0.398868
235.281281	0.180044	0.159094	0.227059	235.281281	0.080861	0.279227	0.014776	0.303412	0.052973	0.401145
236.869537	0.179773	0.159123	0.228402	236.869537	0.080065	0.279481	0.014338	0.303908	0.053644	0.403159
238.457855	0.179036	0.159021	0.229499	238.457855	0.079251	0.278821	0.014053	0.303988	0.054525	0.404473
240.046219	0.178186	0.158726	0.230105	240.046219	0.077947	0.278425	0.013418	0.304035	0.055214	0.404996
241.634598	0.176699	0.157858	0.230503	241.634598	0.076755	0.276644	0.012916	0.3028	0.05589	0.405117
243.223053	0.174913	0.15682	0.230619	243.223053	0.07512	0.274705	0.012228	0.301412	0.056517	0.404721
244.811523	0.17289	0.155664	0.230624	244.811523	0.073461	0.272318	0.011667	0.29966	0.057373	0.403875
246.400055	0.170723	0.154565	0.230662	246.400055	0.071751	0.269695	0.011156	0.297973	0.058333	0.402991
247.988602	0.16859	0.153361	0.230586	247.988602	0.069789	0.267391	0.010493	0.296228	0.05907	0.402102
249.577194	0.166287	0.151775	0.23073	249.577194	0.068164	0.26441	0.009907	0.293643	0.060094	0.401366
251.165848	0.163597	0.150252	0.230641	251.165848	0.06593	0.261264	0.009217	0.291287	0.061517	0.399765
252.754517	0.160697	0.148454	0.230955	252.754517	0.063628	0.257766	0.008576	0.288331	0.062903	0.399006
254.343231	0.157411	0.146813	0.231243	254.343231	0.061234	0.253589	0.007867	0.285759	0.06484	0.397646
255.932007	0.154008	0.145003	0.23142	255.932007	0.058666	0.24935	0.007182	0.282824	0.066504	0.396337
257.520813	0.150225	0.142831	0.231779	257.520813	0.055915	0.244535	0.006415	0.279247	0.06844	0.395118
259.10965	0.146262	0.140559	0.231937	259.10965	0.052917	0.239607	0.00575	0.275367	0.070644	0.39323
260.698517	0.141619	0.138175	0.232085	260.698517	0.049803	0.233434	0.005041	0.271308	0.072901	0.391269
262.287415	0.136903	0.135537	0.232266	262.287415	0.046378	0.227428	0.004423	0.266651	0.075198	0.389334
263.876373	0.131651	0.132692	0.232136	263.876373	0.042763	0.220539	0.003819	0.261565	0.077599	0.386672
265.465363	0.12626	0.129935	0.232017	265.465363	0.039217	0.213303	0.003343	0.256526	0.07998	0.384054
267.054382	0.12069	0.127061	0.231888	267.054382	0.035664	0.205716	0.002968	0.251155	0.082316	0.38146
268.643433	0.115522	0.124307	0.231979	268.643433	0.032182	0.198862	0.002703	0.245911	0.085166	0.378791
270.232513	0.109972	0.121284	0.232227	270.232513	0.028671	0.191274	0.00258	0.239988	0.088062	0.376391
271.821655	0.104739	0.119303	0.232577	271.821655	0.025329	0.184148	0.002595	0.236011	0.090651	0.374502
273.410828	0.099812	0.1172	0.233126	273.410828	0.022411	0.177213	0.00278	0.23162	0.093707	0.372545
275.000031	0.095176	0.115207	0.233964	275.000031	0.019609	0.170743	0.003041	0.227374	0.096365	0.371563
276.589264	0.090604	0.113519	0.235071	276.589264	0.016835	0.164374	0.003454	0.223584	0.099398	0.370745
278.178528	0.086455	0.112047	0.235437	278.178528	0.014389	0.15852	0.003932	0.220163	0.101676	0.369199
279.767822	0.08242	0.110731	0.235801	279.767822	0.012122	0.152718	0.004532	0.21693	0.104138	0.367465
281.357147	0.078703	0.109669	0.236772	281.357147	0.010172	0.147235	0.005154	0.214183	0.106345	0.367199
282.946533	0.0758	0.108637	0.237474	282.946533	0.008485	0.143116	0.005823	0.211451	0.108668	0.366279
284.53595	0.07319	0.108437	0.238869	284.53595	0.007038	0.139341	0.006572	0.210303	0.110826	0.366912
286.125366	0.070788	0.108011	0.239637	286.125366	0.005728	0.135848	0.007303	0.208718	0.112409	0.366865
287.714844	0.068673	0.107687	0.240722	287.714844	0.004716	0.13263	0.007911	0.207463	0.114171	0.367273
289.304352	0.067173	0.107784	0.241509	289.304352	0.003875	0.130472	0.008471	0.207098	0.115352	0.367666
290.89386	0.066049	0.107866	0.242277	290.89386	0.003246	0.128852	0.009016	0.206716	0.116333	0.368222
292.483459	0.065043	0.108341	0.243088	292.483459	0.002723	0.127362	0.009466	0.207215	0.117264	0.368912
294.073029	0.064665	0.108773	0.244605	294.073029	0.002428	0.126903	0.009855	0.207691	0.118057	0.371153
295.662659	0.064304	0.109336	0.244735	295.662659	0.002155	0.126453	0.01017	0.208501	0.118364	0.371105
297.252319	0.064588	0.110193	0.245577	297.252319	0.002061	0.127114	0.010443	0.209942	0.118336	0.372819
298.84201	0.064776	0.110933	0.246563	298.84201	0.002052	0.1275	0.010479	0.211387	0.118522	0.374604
300.431732	0.065427	0.111927	0.247382	300.431732	0.002138	0.128716	0.010536	0.213318	0.11812	0.376644
302.021484	0.066296	0.113071	0.248118	302.021484	0.002334	0.130257	0.010594	0.215548	0.117513	0.378722
303.611267	0.06732	0.114549	0.248774	303.611267	0.002611	0.132029	0.010457	0.218642	0.117091	0.380456
305.20105	0.068683	0.115738	0.249469	305.20105	0.002923	0.134444	0.010413	0.221063	0.116569	0.382368
306.790894	0.070326	0.117313	0.25056	306.790894	0.003272	0.137379	0.010159	0.224467	0.115961	0.38516
308.380768	0.071957	0.118974	0.251162	308.380768	0.003747	0.140168	0.009894	0.228054	0.114867	0.387456
309.970642	0.073674	0.120615	0.252106	309.970642	0.004278	0.143069	0.00972	0.23151	0.114143	0.390068
311.560577	0.075696	0.122427	0.253098	311.560577	0.00478	0.146613	0.009451	0.235402	0.113228	0.392968
313.150543	0.077753	0.124087	0.253987	313.150543	0.005399	0.150107	0.009094	0.239081	0.11206	0.395914
314.740509	0.080079	0.126342	0.255438	314.740509	0.006139	0.154019	0.00891	0.243774	0.111138	0.399739
316.330505	0.08235	0.128414	0.256277	316.330505	0.006793	0.157907	0.008579	0.248249	0.11016	0.402393
317.920532	0.085057	0.13062	0.257035	317.920532	0.007599	0.162515	0.008249	0.252991	0.108766	0.405303
319.51059	0.08758	0.132809	0.258306	319.51059	0.008407	0.166754	0.007994	0.257623	0.107797	0.408814
321.100677	0.090373	0.135222	0.259559	321.100677	0.009265	0.171481	0.007706	0.262738	0.106478	0.412639
322.690796	0.093327	0.137703	0.261158	322.690796	0.010071	0.176582	0.007397	0.268008	0.105434	0.416881
324.280914	0.096212	0.140072	0.262313	324.280914	0.011047	0.181377	0.007166	0.272977	0.104159	0.420468
325.871063	0.099584	0.142727	0.263426	325.871063	0.01201	0.187157	0.006892	0.278563	0.102593	0.424258
327.461243	0.102777	0.145344	0.265013	327.461243	0.01308	0.192474	0.006694	0.283994	0.101707	0.428319
329.051453	0.106055	0.148218	0.266597	329.051453	0.014071	0.198039	0.006523	0.289913	0.100444	0.43275
330.641693	0.109407	0.150791	0.267997	330.641693	0.015294	0.20352	0.006273	0.295309	0.099306	0.436688
332.231964	0.11346	0.153956	0.270318	332.231964	0.016528	0.210392	0.006151	0.301761	0.098238	0.442397
333.822235	0.116953	0.157142	0.271545	333.822235	0.017736	0.216169	0.006052	0.308232	0.096976	0.446114
335.412537	0.120986	0.160352	0.273706	335.412537	0.018913	0.223059	0.005909	0.314796	0.095736	0.451675
337.002869	0.12498	0.163948	0.276142	337.002869	0.020203	0.229758	0.005829	0.322067	0.094444	0.457839
338.593231	0.129572	0.167675	0.278317	338.593231	0.021766	0.237379	0.005851	0.329499	0.093502	0.463132
340.183594	0.133931	0.171546	0.280982	340.183594	0.023272	0.24459	0.005821	0.337272	0.092091	0.469873
341.773987	0.139186	0.175761	0.283383	341.773987	0.024912	0.25346	0.00583	0.345693	0.091027	0.475739
343.36441	0.144127	0.17967	0.285889	343.36441	0.02674	0.261514	0.005809	0.353531	0.089567	0.482211
344.954865	0.149589	0.184469	0.288601	344.954865	0.028469	0.27071	0.005905	0.363033	0.088411	0.488791
346.545319	0.155644	0.189183	0.291978	346.545319	0.030353	0.280934	0.005997	0.372369	0.087191	0.496765
348.135803	0.161675	0.194601	0.29537	348.135803	0.032567	0.290784	0.006119	0.383084	0.085838	0.504902
349.726288	0.167863	0.199722	0.299191	349.726288	0.034736	0.300991	0.006321	0.393123	0.084204	0.514178
351.316833	0.174196	0.205131	0.30213	351.316833	0.036904	0.311488	0.006597	0.403666	0.082614	0.521647
352.907349	0.181124	0.210507	0.306331	352.907349	0.039407	0.322841	0.006801	0.414213	0.081661	0.531001
354.497894	0.188068	0.216404	0.310858	354.497894	0.041813	0.334322	0.007113	0.425694	0.08054	0.541175
356.088501	0.195304	0.222652	0.314527	356.088501	0.044618	0.34599	0.007477	0.437827	0.078849	0.550204
357.679108	0.202148	0.227293	0.315741	357.679108	0.047392	0.356904	0.007874	0.446711	0.076927	0.554555
359.269714	0.210387	0.234345	0.322595	359.269714	0.050361	0.370413	0.008297	0.460393	0.076247	0.568943
360.860352	0.217873	0.241742	0.329369	360.860352	0.05321	0.382536	0.008685	0.474799	0.075881	0.582857
362.450989	0.225481	0.247491	0.332737	362.450989	0.05628	0.394683	0.00918	0.485803	0.074641	0.590832
364.041687	0.233063	0.25394	0.337488	364.041687	0.059305	0.406821	0.009685	0.498194	0.073477	0.6015
365.632385	0.240696	0.259947	0.342194	365.632385	0.062624	0.418767	0.010165	0.509728	0.072586	0.611802
367.223083	0.247704	0.265439	0.34588	367.223083	0.065728	0.429681	0.010469	0.52041	0.071563	0.620198
368.813782	0.253914	0.271768	0.350478	368.813782	0.068408	0.43942	0.011005	0.532531	0.070701	0.630255
370.404541	0.260698	0.276499	0.354373	370.404541	0.071118	0.450278	0.011494	0.541504	0.069947	0.638799
371.9953	0.266607	0.281137	0.357407	371.9953	0.073763	0.459451	0.011897	0.550377	0.068905	0.645909
373.58606	0.27267	0.286536	0.361185	373.58606	0.076618	0.468722	0.012342	0.56073	0.06844	0.65393
375.176849	0.278388	0.290658	0.365276	375.176849	0.079232	0.477544	0.012769	0.568547	0.06804	0.662511
376.767639	0.283947	0.295255	0.368705	376.767639	0.081817	0.486078	0.013175	0.577335	0.067397	0.670012
378.358459	0.289243	0.299215	0.371555	378.358459	0.084319	0.494166	0.013429	0.585001	0.067011	0.676099
379.94931	0.29438	0.303234	0.37471	379.94931	0.08707	0.50169	0.013833	0.592636	0.066526	0.682893
381.540161	0.298471	0.3063	0.376919	381.540161	0.088719	0.508223	0.014039	0.598561	0.066119	0.687719
383.131042	0.302581	0.309969	0.380095	383.131042	0.090771	0.51439	0.014344	0.605594	0.065695	0.694494
384.721893	0.306234	0.312689	0.382643	384.721893	0.092593	0.519875	0.014409	0.610969	0.065443	0.699842
386.312805	0.309132	0.315389	0.383773	386.312805	0.09398	0.524285	0.014643	0.616136	0.064871	0.702675
387.903687	0.312436	0.317371	0.385679	387.903687	0.095536	0.529336	0.014763	0.619978	0.064731	0.706627
389.494598	0.314982	0.319248	0.386935	389.494598	0.096806	0.533158	0.014755	0.623741	0.064577	0.709293
391.08551	0.317644	0.321321	0.388698	391.08551	0.097946	0.537341	0.0149	0.627742	0.06425	0.713147
392.676453	0.320459	0.323505	0.391051	392.676453	0.099529	0.541389	0.014986	0.632024	0.063962	0.718139
394.267426	0.322835	0.324692	0.392204	394.267426	0.100324	0.545346	0.015014	0.634369	0.063673	0.720736
395.858398	0.324865	0.326139	0.393198	395.858398	0.101538	0.548192	0.014955	0.637323	0.063727	0.722668
397.449371	0.325775	0.326567	0.393917	397.449371	0.102195	0.549356	0.01509	0.638044	0.063379	0.724455
399.040344	0.327217	0.327925	0.394944	399.040344	0.102811	0.551623	0.014943	0.640907	0.063234	0.726653
400.631348	0.329741	0.329295	0.395693	400.631348	0.103793	0.555688	0.014889	0.6437	0.063345	0.728041
402.222351	0.330977	0.330504	0.397465	402.222351	0.104536	0.557419	0.014838	0.64617	0.063152	0.731778
403.813385	0.332756	0.331201	0.398317	403.813385	0.105419	0.560092	0.014754	0.647648	0.063271	0.733364
405.404388	0.334301	0.332015	0.398929	405.404388	0.1061	0.562502	0.014686	0.649344	0.063315	0.734544
406.995422	0.335494	0.332733	0.399634	406.995422	0.106698	0.564289	0.014662	0.650804	0.063212	0.736057
408.586487	0.336678	0.334192	0.400964	408.586487	0.10721	0.566147	0.014611	0.653774	0.063438	0.73849
410.177551	0.337803	0.334644	0.400972	410.177551	0.108024	0.567582	0.014469	0.654818	0.063316	0.738628
411.768616	0.338815	0.335005	0.401772	411.768616	0.108415	0.569216	0.014458	0.655553	0.063138	0.740407
413.35968	0.339665	0.335397	0.403354	413.35968	0.108898	0.570432	0.014278	0.656515	0.063527	0.74318
414.950745	0.340978	0.336788	0.404328	414.950745	0.109414	0.572543	0.014234	0.659342	0.063514	0.745141
416.54184	0.342004	0.337039	0.404406	416.54184	0.109861	0.574146	0.014249	0.659829	0.063478	0.745335
418.132904	0.342646	0.337357	0.405219	418.132904	0.110234	0.575059	0.014111	0.660603	0.063626	0.746812
419.72403	0.343762	0.337933	0.40567	419.72403	0.11054	0.576984	0.014022	0.661844	0.063694	0.747646
421.315125	0.343935	0.337901	0.406095	421.315125	0.110531	0.57734	0.013972	0.66183	0.063548	0.748642
422.90625	0.34494	0.338758	0.407088	422.90625	0.110814	0.579066	0.013891	0.663625	0.064009	0.750167
424.497375	0.34547	0.338635	0.406884	424.497375	0.111141	0.579799	0.013649	0.663621	0.063665	0.750103
426.088531	0.345833	0.338963	0.406824	426.088531	0.111553	0.580113	0.013703	0.664222	0.063645	0.750004
427.679626	0.346465	0.338787	0.407386	427.679626	0.111605	0.581325	0.01361	0.663963	0.06379	0.750983
429.270813	0.346994	0.339822	0.408015	429.270813	0.111906	0.582082	0.013508	0.666137	0.06394	0.75209
430.861908	0.347659	0.340362	0.409152	430.861908	0.112034	0.583284	0.013385	0.66734	0.064185	0.754119
432.453064	0.347777	0.339944	0.409371	432.453064	0.112356	0.583199	0.013338	0.66655	0.064318	0.754424
434.04425	0.348285	0.340112	0.410286	434.04425	0.112307	0.584262	0.013225	0.666998	0.064438	0.756134
435.635345	0.348586	0.34033	0.40961	435.635345	0.112237	0.584935	0.01316	0.667499	0.06435	0.754869
437.226501	0.348971	0.340937	0.41052	437.226501	0.112547	0.585396	0.013108	0.668766	0.064659	0.756381
438.817688	0.348939	0.340495	0.410716	438.817688	0.112333	0.585544	0.012936	0.668054	0.064466	0.756966
440.408844	0.349296	0.34063	0.410866	440.408844	0.112529	0.586063	0.012862	0.668398	0.064598	0.757134
442.000061	0.348931	0.340602	0.41143	442.000061	0.112179	0.585683	0.012698	0.668507	0.064997	0.757863
443.591217	0.348966	0.340207	0.410788	443.591217	0.112317	0.585615	0.012616	0.667798	0.064954	0.756622
445.182373	0.349753	0.340643	0.411167	445.182373	0.112679	0.586827	0.012551	0.668735	0.064977	0.757358
446.773529	0.349515	0.340292	0.411328	446.773529	0.112555	0.586476	0.012542	0.668042	0.065104	0.757552
448.364685	0.349682	0.341124	0.41219	448.364685	0.11212	0.587244	0.012453	0.669796	0.065331	0.759049
449.955902	0.349453	0.34029	0.412029	449.955902	0.112388	0.586518	0.012288	0.668291	0.065072	0.758986
451.547058	0.349385	0.339716	0.411974	451.547058	0.111857	0.586912	0.012238	0.667194	0.065255	0.758693
453.138245	0.350043	0.339915	0.412129	453.138245	0.112194	0.587892	0.012077	0.667754	0.065655	0.758604
454.729431	0.349123	0.340014	0.412568	454.729431	0.111701	0.586545	0.012106	0.667921	0.065828	0.759308
456.320618	0.349261	0.340135	0.412868	456.320618	0.111833	0.58669	0.012046	0.668223	0.065853	0.759884
457.911774	0.349035	0.340339	0.413687	457.911774	0.111844	0.586226	0.011855	0.668823	0.066137	0.761237
459.502991	0.348717	0.340179	0.413719	459.502991	0.111304	0.58613	0.011795	0.668562	0.066286	0.761152
461.094147	0.34932	0.340057	0.413909	461.094147	0.111411	0.587229	0.011686	0.668429	0.06659	0.761227
462.685303	0.34875	0.340006	0.414061	462.685303	0.111189	0.586311	0.011617	0.668395	0.0666	0.761522
464.276459	0.348088	0.340745	0.414618	464.276459	0.110673	0.585502	0.011524	0.669965	0.066678	0.762557
465.867676	0.347836	0.339545	0.414265	465.867676	0.110582	0.585091	0.011292	0.667798	0.06671	0.761819
467.458832	0.347919	0.339768	0.414089	467.458832	0.110652	0.585186	0.011348	0.668189	0.066965	0.761213
469.049988	0.347584	0.339395	0.414397	469.049988	0.110274	0.584894	0.011185	0.667605	0.067179	0.761616
470.641174	0.347555	0.339055	0.414107	470.641174	0.11002	0.585089	0.011113	0.666997	0.067268	0.760947
472.23233	0.34725	0.339307	0.414864	472.23233	0.109853	0.584647	0.011107	0.667507	0.067613	0.762114
473.823486	0.347239	0.339266	0.415664	473.823486	0.110037	0.58444	0.01088	0.667651	0.067695	0.763633
475.414642	0.346159	0.33884	0.415302	475.414642	0.109339	0.582979	0.010791	0.66689	0.067772	0.762831
477.005768	0.346555	0.339167	0.415431	477.005768	0.109357	0.583753	0.010664	0.667669	0.067996	0.762866
478.596924	0.346794	0.339704	0.416288	478.596924	0.109136	0.584452	0.01067	0.668739	0.068553	0.764023
480.18808	0.346311	0.339902	0.415753	480.18808	0.10882	0.583803	0.010528	0.669277	0.068178	0.763327
481.779205	0.345406	0.338567	0.415061	481.779205	0.108401	0.58241	0.010491	0.666644	0.068369	0.761753
483.3703	0.345795	0.338943	0.415793	483.3703	0.108481	0.583109	0.010381	0.667504	0.068777	0.762809
484.961487	0.346031	0.338359	0.415867	484.961487	0.108322	0.58374	0.010264	0.666455	0.06883	0.762904
486.552582	0.345644	0.338311	0.416248	486.552582	0.107988	0.5833	0.01013	0.666493	0.069118	0.763377
488.143707	0.345439	0.338324	0.416499	488.143707	0.107722	0.583155	0.010044	0.666605	0.06927	0.763727
489.734802	0.345241	0.338549	0.416847	489.734802	0.107414	0.583069	0.009968	0.667129	0.069491	0.764202
491.325867	0.344456	0.337557	0.416613	491.325867	0.107079	0.581833	0.009836	0.665278	0.0696	0.763626
492.916992	0.344354	0.337823	0.41636	492.916992	0.106958	0.58175	0.009824	0.665822	0.069797	0.762924
494.508057	0.344279	0.33781	0.416726	494.508057	0.10672	0.581839	0.009681	0.665939	0.070048	0.763405
496.099182	0.344397	0.338315	0.417202	496.099182	0.106403	0.58239	0.009582	0.667049	0.070208	0.764195
497.690247	0.344856	0.338975	0.418338	497.690247	0.106518	0.583194	0.009454	0.668496	0.07063	0.766046
499.281311	0.344283	0.338263	0.41766	499.281311	0.106306	0.582259	0.009415	0.667111	0.070817	0.764502
500.872314	0.343248	0.337908	0.41679	500.872314	0.105481	0.581016	0.009343	0.666473	0.070905	0.762675
502.463379	0.3429	0.337282	0.415521	502.463379	0.105472	0.580327	0.009221	0.665344	0.070562	0.76048
504.054382	0.342949	0.336886	0.415118	504.054382	0.105311	0.580588	0.009038	0.664734	0.070685	0.75955
505.645416	0.343203	0.337766	0.417509	505.645416	0.10496	0.581446	0.009014	0.666518	0.071348	0.763671
507.23642	0.342605	0.337371	0.417374	507.23642	0.104615	0.580595	0.008896	0.665846	0.071314	0.763435
508.827454	0.342005	0.33753	0.417625	508.827454	0.10426	0.57975	0.008885	0.666174	0.071695	0.763555
510.418457	0.341505	0.337324	0.417592	510.418457	0.103965	0.579046	0.008766	0.665882	0.071847	0.763337
512.009399	0.341597	0.337731	0.417928	512.009399	0.10369	0.579504	0.008751	0.666711	0.072209	0.763647
513.600403	0.342137	0.338224	0.418616	513.600403	0.103595	0.580678	0.008638	0.667809	0.072704	0.764528
515.191345	0.341114	0.337605	0.418267	515.191345	0.103111	0.579116	0.008546	0.666664	0.072656	0.763878
516.782288	0.340839	0.337268	0.418537	516.782288	0.102869	0.57881	0.00838	0.666156	0.072915	0.76416
518.37323	0.340973	0.336885	0.418915	518.37323	0.102941	0.579005	0.008354	0.665417	0.073273	0.764556
519.964172	0.340294	0.33675	0.418278	519.964172	0.102096	0.578493	0.008298	0.665202	0.073309	0.763247
521.555054	0.339517	0.336208	0.417956	521.555054	0.101689	0.577344	0.00812	0.664296	0.073452	0.762459
523.145935	0.339197	0.336193	0.418921	523.145935	0.101714	0.576681	0.008103	0.664283	0.073715	0.764128
524.736877	0.339419	0.337408	0.419556	524.736877	0.101511	0.577326	0.008056	0.666759	0.074113	0.764999
526.327759	0.339464	0.336426	0.418633	526.327759	0.10117	0.577759	0.007912	0.66494	0.074275	0.762991
527.918579	0.337931	0.335292	0.417815	527.918579	0.100695	0.575167	0.007852	0.662732	0.074184	0.761445
529.509399	0.338564	0.335721	0.41852	529.509399	0.100658	0.576471	0.007748	0.663694	0.074511	0.762529
531.10022	0.339167	0.3364	0.419327	531.10022	0.100204	0.57813	0.007756	0.665043	0.074715	0.763939
532.69104	0.337893	0.336084	0.419763	532.69104	0.099713	0.576072	0.007655	0.664514	0.075376	0.76415
534.28186	0.337812	0.335961	0.419946	534.28186	0.099641	0.575983	0.007552	0.664371	0.075412	0.764481
535.872681	0.337937	0.335279	0.419943	535.872681	0.099473	0.576401	0.007507	0.663051	0.07573	0.764156
537.463379	0.337369	0.334805	0.41979	537.463379	0.099189	0.575549	0.007342	0.662269	0.075887	0.763692
539.054138	0.336407	0.334885	0.418693	539.054138	0.098589	0.574226	0.007361	0.662409	0.075713	0.761673
540.644897	0.336262	0.335266	0.41949	540.644897	0.098328	0.574195	0.007291	0.663241	0.07625	0.76273
542.235596	0.335333	0.335034	0.418548	542.235596	0.097905	0.572761	0.007261	0.662807	0.076366	0.76073
543.826294	0.335423	0.334849	0.418636	543.826294	0.097873	0.572973	0.007126	0.662572	0.076508	0.760764
545.416992	0.335027	0.334594	0.418707	545.416992	0.097452	0.572603	0.00715	0.662038	0.076805	0.760608
547.00769	0.334736	0.33475	0.418875	547.00769	0.097106	0.572365	0.007055	0.662445	0.076972	0.760778
548.598267	0.333849	0.333903	0.417612	548.598267	0.096797	0.5709	0.006988	0.660818	0.076903	0.758321
550.188904	0.334045	0.333744	0.41807	550.188904	0.096518	0.571572	0.006866	0.660622	0.07709	0.759051
551.779541	0.333416	0.333932	0.418388	551.779541	0.096214	0.570618	0.00683	0.661034	0.077439	0.759338
553.370117	0.333208	0.33334	0.419114	553.370117	0.096164	0.570251	0.006814	0.659866	0.077894	0.760335
554.960693	0.333457	0.333274	0.419086	554.960693	0.095624	0.571289	0.006704	0.659845	0.077851	0.760322
556.55127	0.333055	0.333173	0.419283	556.55127	0.095478	0.570631	0.006616	0.659731	0.078473	0.760093
558.141785	0.332505	0.332823	0.419006	558.141785	0.095089	0.569921	0.006624	0.659022	0.078605	0.759407
559.7323	0.33189	0.332054	0.418047	559.7323	0.09483	0.568949	0.006521	0.657587	0.078613	0.757481
561.322815	0.331405	0.332123	0.418837	561.322815	0.094495	0.568314	0.006462	0.657784	0.078946	0.758729
562.913269	0.330759	0.332167	0.419723	562.913269	0.094136	0.567383	0.006474	0.65786	0.079348	0.760098
564.503723	0.329893	0.332341	0.419404	564.503723	0.093603	0.566184	0.006398	0.658284	0.079482	0.759327
566.094116	0.329206	0.332118	0.418482	566.094116	0.093092	0.56532	0.006357	0.657879	0.079685	0.757279
567.68457	0.329271	0.332655	0.419552	567.68457	0.092944	0.565597	0.006326	0.658984	0.079872	0.759233
569.274963	0.329012	0.33293	0.420587	569.274963	0.092841	0.565183	0.006327	0.659532	0.08053	0.760643
570.865295	0.329339	0.332914	0.421218	570.865295	0.092582	0.566095	0.006264	0.659563	0.080667	0.76177
572.455688	0.329733	0.332625	0.420489	572.455688	0.092293	0.567174	0.006218	0.659032	0.080806	0.760173
574.045959	0.32912	0.331399	0.418799	574.045959	0.092238	0.566003	0.006156	0.656641	0.080567	0.757032
575.636292	0.327664	0.330309	0.418392	575.636292	0.091589	0.563738	0.006057	0.654561	0.080925	0.755859
577.226501	0.326811	0.330277	0.41896	577.226501	0.091165	0.562457	0.006038	0.654515	0.081162	0.756759
578.816772	0.326343	0.330194	0.419809	578.816772	0.090835	0.561851	0.006019	0.654369	0.081627	0.757992
580.406982	0.326779	0.329896	0.419577	580.406982	0.090699	0.562858	0.006001	0.653792	0.081586	0.757569
581.997192	0.326526	0.33041	0.420526	581.997192	0.090355	0.562696	0.005974	0.654845	0.081884	0.759169
583.587341	0.325988	0.330807	0.420909	583.587341	0.090088	0.561888	0.00598	0.655633	0.082198	0.759621
585.177551	0.325262	0.330317	0.418927	585.177551	0.089678	0.560845	0.005875	0.654759	0.082168	0.755687
586.767639	0.324875	0.329433	0.418621	586.767639	0.089321	0.56043	0.005842	0.653024	0.082204	0.755038
588.357788	0.32519	0.329196	0.420076	588.357788	0.089219	0.561161	0.005835	0.652557	0.082833	0.75732
589.947815	0.324261	0.329241	0.420756	589.947815	0.088914	0.559608	0.005785	0.652696	0.083189	0.758323
591.537842	0.32363	0.328776	0.42085	591.537842	0.0886	0.558659	0.00572	0.651832	0.083209	0.758492
593.127869	0.323004	0.329423	0.42069	593.127869	0.088293	0.557714	0.005783	0.653062	0.083641	0.757739
594.717896	0.321553	0.327643	0.419483	594.717896	0.087455	0.555652	0.005735	0.64955	0.083703	0.755263
596.307861	0.320998	0.327521	0.418181	596.307861	0.087095	0.5549	0.005683	0.649358	0.083568	0.752794
597.897766	0.320364	0.327243	0.418753	597.897766	0.086917	0.55381	0.005644	0.648843	0.083828	0.753678
599.487671	0.320627	0.327728	0.418348	599.487671	0.08692	0.554334	0.005675	0.649781	0.083992	0.752704
601.077576	0.320244	0.326912	0.417407	601.077576	0.086654	0.553834	0.005631	0.648193	0.083882	0.750931
602.667419	0.319216	0.326449	0.417756	602.667419	0.086208	0.552225	0.005564	0.647333	0.084329	0.751184
604.257202	0.319257	0.32695	0.418344	604.257202	0.085952	0.552563	0.00556	0.64834	0.084802	0.751887
605.847046	0.318699	0.326816	0.417873	605.847046	0.085644	0.551754	0.005543	0.648088	0.084831	0.750916
607.436829	0.317977	0.325957	0.417617	607.436829	0.08533	0.550623	0.005475	0.646439	0.085168	0.750065
609.02655	0.31719	0.325278	0.41685	609.02655	0.085053	0.549326	0.005428	0.645128	0.085042	0.748658
610.616272	0.316782	0.325012	0.416869	610.616272	0.08483	0.548735	0.005424	0.644599	0.085491	0.748246
612.205933	0.315787	0.324488	0.416509	612.205933	0.084084	0.54749	0.005375	0.6436	0.085304	0.747714
613.795532	0.315167	0.325388	0.418193	613.795532	0.083799	0.546534	0.005389	0.645388	0.086277	0.75011
615.385193	0.314629	0.324873	0.418219	615.385193	0.083367	0.545891	0.005349	0.644397	0.086209	0.750228
616.974731	0.315195	0.324781	0.418231	616.974731	0.083571	0.54682	0.005349	0.644213	0.086547	0.749915
618.564331	0.315231	0.324929	0.418051	618.564331	0.08323	0.547233	0.005339	0.64452	0.086485	0.749618
620.15387	0.314751	0.324583	0.418422	620.15387	0.083042	0.546459	0.005311	0.643855	0.086727	0.750116
621.743347	0.313485	0.323878	0.418368	621.743347	0.082407	0.544564	0.005291	0.642465	0.086947	0.749788
623.332825	0.312761	0.322959	0.41782	623.332825	0.082417	0.543104	0.00527	0.640648	0.087116	0.748523
624.922241	0.312171	0.322592	0.417208	624.922241	0.081862	0.54248	0.005253	0.639932	0.087297	0.74712
626.511597	0.311536	0.322442	0.416668	626.511597	0.081504	0.541567	0.005195	0.639689	0.087523	0.745813
628.100952	0.311322	0.322921	0.41759	628.100952	0.08135	0.541294	0.005186	0.640655	0.087732	0.747448
629.690308	0.310948	0.323069	0.417886	629.690308	0.081019	0.540876	0.005243	0.640895	0.087909	0.747863
631.279602	0.310214	0.322963	0.41641	631.279602	0.080679	0.53975	0.005231	0.640695	0.087929	0.744891
632.868835	0.309951	0.322317	0.416325	632.868835	0.080273	0.539629	0.005192	0.639441	0.088007	0.744643
634.458069	0.309665	0.321165	0.416818	634.458069	0.080043	0.539287	0.005169	0.637162	0.088433	0.745204
636.047241	0.30846	0.320252	0.416957	636.047241	0.07955	0.537371	0.00507	0.635435	0.088799	0.745114
637.636353	0.307961	0.320528	0.417148	637.636353	0.079562	0.536361	0.005138	0.635917	0.088939	0.745357
639.225464	0.307464	0.320082	0.417464	639.225464	0.079174	0.535754	0.00506	0.635105	0.089308	0.745619
640.814575	0.306973	0.320155	0.417734	640.814575	0.078672	0.535273	0.005107	0.635203	0.089408	0.74606
642.403625	0.307365	0.321132	0.419038	642.403625	0.078639	0.536092	0.005163	0.637101	0.089813	0.748264
643.992615	0.307118	0.320687	0.417498	643.992615	0.078431	0.535805	0.005093	0.63628	0.089791	0.745205
645.581604	0.306461	0.321069	0.416921	645.581604	0.078177	0.534744	0.005055	0.637082	0.089932	0.74391
647.170532	0.306114	0.320865	0.417886	647.170532	0.077987	0.534241	0.005055	0.636675	0.090194	0.745579
648.759399	0.306367	0.31992	0.418256	648.759399	0.077581	0.535153	0.005044	0.634796	0.090284	0.746228
650.348267	0.305819	0.31878	0.416971	650.348267	0.077367	0.534271	0.005048	0.632512	0.090431	0.74351
651.937134	0.305084	0.318414	0.416194	651.937134	0.077307	0.532861	0.00497	0.631859	0.090496	0.741893
653.525879	0.30422	0.319547	0.417116	653.525879	0.076626	0.531815	0.005002	0.634093	0.090814	0.743418
655.114624	0.304072	0.320243	0.419466	655.114624	0.076258	0.531886	0.005016	0.635471	0.09147	0.747462
656.703308	0.303849	0.317634	0.41847	656.703308	0.075966	0.531732	0.004945	0.630324	0.091228	0.745712
658.291992	0.30405	0.316379	0.415962	658.291992	0.076116	0.531984	0.004987	0.627771	0.090871	0.741054
659.880615	0.303651	0.317059	0.416843	659.880615	0.076102	0.5312	0.004926	0.629192	0.091604	0.742083
661.469177	0.30231	0.316201	0.415208	661.469177	0.075418	0.529201	0.004913	0.62749	0.091543	0.738874
663.057739	0.301188	0.316648	0.415435	663.057739	0.074868	0.527509	0.004964	0.628333	0.091602	0.739268
664.64624	0.300335	0.317038	0.416855	664.64624	0.074424	0.526246	0.00489	0.629186	0.092171	0.741539
666.234741	0.300281	0.316185	0.416515	666.234741	0.074426	0.526136	0.004911	0.627459	0.092506	0.740523
667.82312	0.299641	0.315215	0.416208	667.82312	0.07418	0.525103	0.004867	0.625562	0.092728	0.739689
669.411499	0.299033	0.314362	0.414613	669.411499	0.073749	0.524316	0.004849	0.623875	0.092596	0.736629
670.999878	0.298981	0.313947	0.413445	670.999878	0.073466	0.524497	0.004828	0.623065	0.092202	0.734689
672.588135	0.299579	0.314764	0.413521	672.588135	0.073744	0.525414	0.004839	0.624689	0.092443	0.734598
674.176392	0.299851	0.31576	0.414724	674.176392	0.073414	0.526289	0.004851	0.626668	0.092857	0.736591
675.764587	0.298814	0.314738	0.416262	675.764587	0.073129	0.5245	0.004803	0.624673	0.09316	0.739363
677.352783	0.298254	0.313978	0.415713	677.352783	0.072607	0.523901	0.004774	0.623183	0.093602	0.737824
678.940918	0.297226	0.312936	0.416028	678.940918	0.072201	0.52225	0.00483	0.621041	0.094158	0.737898
680.528992	0.295933	0.312154	0.413687	680.528992	0.071767	0.5201	0.00484	0.619469	0.09356	0.733815
682.117065	0.295468	0.311569	0.412902	682.117065	0.071607	0.519329	0.004775	0.618364	0.093461	0.732343
683.705017	0.296123	0.311698	0.413836	683.705017	0.071565	0.52068	0.004765	0.618632	0.09393	0.733741
685.292969	0.296764	0.311785	0.414753	685.292969	0.071521	0.522007	0.004761	0.618808	0.094291	0.735215
686.88092	0.296723	0.312723	0.415481	686.88092	0.071225	0.52222	0.004786	0.62066	0.094267	0.736695
688.46875	0.2962	0.312155	0.414115	688.46875	0.070965	0.521435	0.004765	0.619545	0.094475	0.733756
690.056519	0.296247	0.313157	0.414375	690.056519	0.071168	0.521327	0.004806	0.621509	0.09489	0.733859
691.644348	0.295027	0.312217	0.413294	691.644348	0.070553	0.519502	0.004783	0.61965	0.094865	0.731724
693.232056	0.294176	0.310171	0.412903	693.232056	0.070002	0.518351	0.004711	0.615631	0.094979	0.730827
694.819702	0.293278	0.308946	0.412136	694.819702	0.069637	0.51692	0.004696	0.613195	0.09512	0.729152
696.407349	0.293383	0.309059	0.413584	696.407349	0.069602	0.517163	0.0047	0.613419	0.09529	0.731878
697.994934	0.293519	0.309769	0.41527	697.994934	0.069318	0.51772	0.004695	0.614843	0.096131	0.734409
699.582458	0.292902	0.309361	0.413917	699.582458	0.069199	0.516604	0.004728	0.613994	0.095783	0.732052
701.169983	0.292032	0.308139	0.413677	701.169983	0.0688	0.515265	0.004685	0.611592	0.096149	0.731205
702.757446	0.292617	0.30866	0.413932	702.757446	0.068866	0.516368	0.004685	0.612636	0.096404	0.73146
704.344849	0.291972	0.308796	0.413574	704.344849	0.068504	0.51544	0.004694	0.612899	0.096322	0.730827
705.932129	0.292561	0.309257	0.414714	705.932129	0.068787	0.516335	0.004733	0.613781	0.096993	0.732435
707.519409	0.291733	0.308287	0.412859	707.519409	0.068377	0.515089	0.004683	0.61189	0.09657	0.729149
709.106689	0.290732	0.307651	0.41189	709.106689	0.067983	0.513481	0.004674	0.610628	0.096537	0.727242
710.693909	0.290628	0.308473	0.412197	710.693909	0.067642	0.513613	0.004684	0.612261	0.096757	0.727638
712.281067	0.29056	0.308654	0.413328	712.281067	0.067328	0.513791	0.004659	0.61265	0.097328	0.729328
713.868103	0.290473	0.307447	0.413462	713.868103	0.067195	0.513751	0.004652	0.610242	0.097427	0.729496
715.4552	0.289353	0.306124	0.412902	715.4552	0.066555	0.512152	0.004668	0.60758	0.097462	0.728343
717.042175	0.288634	0.306126	0.410533	717.042175	0.066565	0.510703	0.00462	0.607632	0.09711	0.723956
718.629089	0.288144	0.306464	0.410586	718.629089	0.06643	0.509859	0.004618	0.60831	0.097445	0.723728
720.216003	0.288496	0.307494	0.411693	720.216003	0.066267	0.510726	0.004667	0.610322	0.097927	0.725458
721.802856	0.287848	0.307075	0.411838	721.802856	0.0657	0.509996	0.004682	0.609468	0.098359	0.725317
723.389648	0.287056	0.306444	0.414062	723.389648	0.065417	0.508694	0.004636	0.608252	0.099012	0.729112
724.976379	0.286685	0.304961	0.413265	724.976379	0.06539	0.50798	0.004611	0.605312	0.098927	0.727603
726.56311	0.287174	0.304248	0.411443	726.56311	0.065285	0.509062	0.004612	0.603885	0.098362	0.724524
728.149719	0.287101	0.303646	0.410555	728.149719	0.065103	0.5091	0.00462	0.602672	0.098679	0.72243
729.736267	0.287218	0.30499	0.410757	729.736267	0.065167	0.509269	0.004643	0.605336	0.098655	0.722858
731.322815	0.286319	0.304164	0.410096	731.322815	0.064529	0.50811	0.004621	0.603708	0.098835	0.721358
732.909302	0.28545	0.304159	0.410695	732.909302	0.064192	0.506709	0.004633	0.603684	0.098843	0.722547
734.495728	0.284248	0.304079	0.409197	734.495728	0.063736	0.504759	0.004597	0.603561	0.098633	0.719761
736.082092	0.28378	0.301363	0.408768	736.082092	0.063652	0.503907	0.004562	0.598164	0.098983	0.718554
737.668335	0.28342	0.301915	0.410135	737.668335	0.063401	0.503438	0.004599	0.599231	0.099458	0.720811
739.254639	0.282232	0.301277	0.409893	739.254639	0.063077	0.501388	0.004542	0.598011	0.099701	0.720084
740.84082	0.283245	0.302542	0.410439	740.84082	0.062895	0.503596	0.004596	0.600488	0.099858	0.721021
742.426941	0.282495	0.303069	0.410006	742.426941	0.062827	0.502163	0.004597	0.60154	0.099853	0.72016
744.013062	0.283475	0.302824	0.41193	744.013062	0.062886	0.504065	0.004551	0.601097	0.100658	0.723201
745.59906	0.28315	0.302846	0.411804	745.59906	0.062463	0.503837	0.004596	0.601097	0.100878	0.722729
747.185059	0.28249	0.300704	0.40974	747.185059	0.062221	0.502758	0.004564	0.596845	0.100636	0.718843
748.770996	0.281233	0.299597	0.409782	748.770996	0.062011	0.500454	0.00454	0.594655	0.100575	0.71899
750.356812	0.279654	0.298349	0.407946	750.356812	0.061664	0.497643	0.004516	0.592182	0.100204	0.715688
751.942688	0.279799	0.299201	0.409218	751.942688	0.061605	0.497993	0.004501	0.593901	0.100848	0.717588
753.528442	0.278734	0.298735	0.407866	753.528442	0.060815	0.496652	0.004505	0.592965	0.101004	0.714728
755.114136	0.278891	0.298372	0.407267	755.114136	0.061056	0.496726	0.004565	0.592179	0.100735	0.713799
756.699707	0.27871	0.297846	0.40652	756.699707	0.06049	0.496929	0.004531	0.591161	0.100851	0.712189
758.285278	0.278467	0.298171	0.404734	758.285278	0.060482	0.496451	0.004568	0.591774	0.100218	0.709251
759.870789	0.280324	0.299846	0.405556	759.870789	0.060949	0.4997	0.004628	0.595064	0.100721	0.71039
761.456238	0.279119	0.299447	0.405513	761.456238	0.060505	0.497733	0.004577	0.594317	0.100931	0.710095
763.041626	0.279014	0.300654	0.407323	763.041626	0.060271	0.497758	0.00462	0.596688	0.101378	0.713268
764.627014	0.27856	0.299501	0.407889	764.627014	0.060022	0.497099	0.004589	0.594413	0.101905	0.713872
766.21228	0.276244	0.296998	0.404082	766.21228	0.059324	0.493165	0.00457	0.589427	0.101379	0.706784
767.797485	0.278137	0.298473	0.406341	767.797485	0.05977	0.496504	0.004569	0.592377	0.102297	0.710386
769.382629	0.275854	0.29591	0.403836	769.382629	0.058763	0.492944	0.004534	0.587287	0.101527	0.706144
770.967712	0.275794	0.296813	0.405917	770.967712	0.058849	0.492738	0.004596	0.58903	0.101947	0.709886
772.552734	0.277545	0.298089	0.408265	772.552734	0.058947	0.496143	0.00459	0.591587	0.102971	0.713559
774.137695	0.274685	0.293852	0.40194	774.137695	0.058423	0.490947	0.004508	0.583196	0.10147	0.70241
775.722595	0.273911	0.294398	0.402256	775.722595	0.058321	0.489501	0.004546	0.584251	0.101753	0.702759
777.307495	0.27594	0.29694	0.407538	777.307495	0.058542	0.493337	0.004587	0.589292	0.103518	0.711557
778.892212	0.274016	0.294747	0.402029	778.892212	0.057852	0.49018	0.00455	0.584944	0.102085	0.701973
780.476929	0.273373	0.296093	0.40372	780.476929	0.057784	0.488961	0.004587	0.587599	0.102838	0.704602
782.061646	0.277114	0.299991	0.409397	782.061646	0.058286	0.495942	0.004651	0.595331	0.104381	0.714412
783.646179	0.274242	0.29609	0.403027	783.646179	0.057284	0.4912	0.004573	0.587607	0.10261	0.703444
785.230713	0.272582	0.294128	0.402898	785.230713	0.057111	0.488053	0.004564	0.583692	0.103102	0.702694
786.815186	0.27556	0.297185	0.408862	786.815186	0.057754	0.493366	0.004627	0.589744	0.104884	0.71284
788.399597	0.272928	0.295054	0.402733	788.399597	0.056968	0.488888	0.004603	0.585505	0.103448	0.702019
789.983948	0.270529	0.292149	0.397342	789.983948	0.056086	0.484972	0.004577	0.579721	0.102009	0.692674
791.568237	0.274115	0.296866	0.404205	791.568237	0.057158	0.491072	0.004658	0.589075	0.104351	0.704059
793.152405	0.274268	0.298115	0.406819	793.152405	0.056951	0.491586	0.004652	0.591579	0.104441	0.709196
794.736511	0.269819	0.292835	0.398104	794.736511	0.055752	0.483886	0.004573	0.581096	0.102701	0.693506
796.320618	0.26946	0.292221	0.397579	796.320618	0.055803	0.483117	0.004612	0.57983	0.102388	0.69277
797.904663	0.272726	0.296077	0.402798	797.904663	0.056098	0.489354	0.0046	0.587555	0.104062	0.701533
799.488586	0.27142	0.294175	0.401136	799.488586	0.055686	0.487153	0.004579	0.583772	0.10389	0.698381
801.072388	0.268713	0.292156	0.399651	801.072388	0.055034	0.482391	0.004603	0.579709	0.103949	0.695353
802.65625	0.269405	0.295482	0.404252	802.65625	0.055215	0.483595	0.004678	0.586285	0.104894	0.70361
804.23999	0.271175	0.297166	0.409456	804.23999	0.055196	0.487153	0.00471	0.589623	0.106301	0.712612
805.823608	0.268191	0.293937	0.402409	805.823608	0.054731	0.481652	0.004701	0.583173	0.104641	0.700176
807.407227	0.265967	0.290935	0.397824	807.407227	0.054197	0.477737	0.004636	0.577233	0.103558	0.692089
808.990784	0.267407	0.293001	0.400924	808.990784	0.054125	0.48069	0.004676	0.581326	0.104855	0.696993
810.574219	0.269516	0.295685	0.404096	810.574219	0.054383	0.484649	0.004675	0.586695	0.10594	0.702252
812.157593	0.269044	0.294956	0.40054	812.157593	0.054271	0.483817	0.004681	0.58523	0.10502	0.69606
813.740967	0.266223	0.290874	0.395742	813.740967	0.053553	0.478894	0.004671	0.577077	0.104203	0.687281
815.324219	0.266722	0.292594	0.399358	815.324219	0.053659	0.479786	0.004665	0.580522	0.105058	0.693658
816.907349	0.268558	0.295113	0.404425	816.907349	0.053527	0.48359	0.004733	0.585492	0.106384	0.702466
818.49054	0.266904	0.294156	0.399796	818.49054	0.05349	0.480317	0.004707	0.583605	0.105733	0.69386
820.073547	0.266551	0.292509	0.396524	820.073547	0.053275	0.479827	0.00469	0.580329	0.104732	0.688317
821.656555	0.266381	0.292489	0.398824	821.656555	0.053091	0.479672	0.004717	0.580261	0.105355	0.692292
823.239441	0.266332	0.293438	0.399048	823.239441	0.052837	0.479827	0.004715	0.582161	0.105545	0.692551
824.822266	0.265053	0.29108	0.395104	824.822266	0.052604	0.477502	0.004713	0.577446	0.104924	0.685284
826.404968	0.264738	0.291548	0.39525	826.404968	0.052421	0.477055	0.004728	0.578369	0.105082	0.685418
827.987671	0.264816	0.29163	0.397016	827.987671	0.052389	0.477244	0.004705	0.578556	0.105483	0.688549
829.570313	0.26568	0.293333	0.397556	829.570313	0.052532	0.478828	0.004763	0.581903	0.105774	0.689338
831.152832	0.265459	0.293218	0.399254	831.152832	0.052332	0.478587	0.004773	0.581663	0.106635	0.691874
832.735352	0.263337	0.29182	0.396596	832.735352	0.051685	0.47499	0.004721	0.578918	0.105878	0.687315
834.317688	0.263057	0.29135	0.396222	834.317688	0.051234	0.474879	0.004767	0.577933	0.105813	0.686631
835.900024	0.26261	0.290899	0.39651	835.900024	0.051481	0.47374	0.004799	0.576999	0.106532	0.686488
837.4823	0.263049	0.289554	0.395192	837.4823	0.051229	0.474869	0.004783	0.574326	0.105979	0.684405
839.064453	0.261056	0.289665	0.393682	839.064453	0.050696	0.471416	0.004776	0.574554	0.105312	0.682051
840.646606	0.259832	0.288442	0.392882	840.646606	0.050322	0.469342	0.004755	0.572129	0.105136	0.680627
842.228638	0.260228	0.288066	0.392346	842.228638	0.05066	0.469795	0.00478	0.571353	0.105128	0.679563
843.810547	0.260298	0.287323	0.393106	843.810547	0.050446	0.470149	0.004787	0.569859	0.106021	0.680192
845.392395	0.260942	0.287977	0.394164	845.392395	0.05058	0.471305	0.004789	0.571166	0.106507	0.681821
846.974243	0.258639	0.285412	0.390257	846.974243	0.049735	0.467543	0.004759	0.566066	0.105415	0.6751
848.555847	0.260584	0.288649	0.393466	848.555847	0.05013	0.471037	0.004786	0.572513	0.106137	0.680795
850.137512	0.259039	0.287473	0.390314	850.137512	0.049692	0.468387	0.004807	0.570139	0.105603	0.675025
851.719116	0.26019	0.287783	0.392276	851.719116	0.049949	0.470431	0.004859	0.570708	0.106138	0.678414
853.300598	0.258339	0.286107	0.390687	853.300598	0.049208	0.467469	0.004834	0.56738	0.105958	0.675416
854.882019	0.259736	0.289056	0.392996	854.882019	0.049374	0.470098	0.00489	0.573221	0.107067	0.678925
856.463379	0.257831	0.289519	0.390266	856.463379	0.048972	0.46669	0.00489	0.574148	0.105981	0.674551
858.044617	0.258683	0.287621	0.389876	858.044617	0.048893	0.468473	0.004893	0.570349	0.10585	0.673903
859.625793	0.257688	0.287218	0.391721	859.625793	0.048653	0.466722	0.00492	0.569516	0.106506	0.676937
861.206848	0.254705	0.28617	0.386356	861.206848	0.048149	0.461261	0.004892	0.567447	0.10563	0.667083
862.787903	0.257548	0.289353	0.393735	862.787903	0.048645	0.466451	0.00498	0.573726	0.107471	0.68
864.368835	0.254196	0.286278	0.391461	864.368835	0.047986	0.460405	0.004927	0.567629	0.107438	0.675484
865.949707	0.254826	0.287127	0.391805	865.949707	0.04772	0.461931	0.004959	0.569296	0.107429	0.676182
867.530457	0.255042	0.28726	0.392443	867.530457	0.04782	0.462263	0.004977	0.569544	0.108031	0.676854
869.111145	0.252677	0.283995	0.387572	869.111145	0.047554	0.457799	0.00499	0.563001	0.106494	0.66865
870.691772	0.254995	0.288791	0.393651	870.691772	0.047245	0.462745	0.004997	0.572585	0.108412	0.67889
872.272339	0.252183	0.284433	0.386576	872.272339	0.04703	0.457335	0.004933	0.563933	0.106381	0.666772
873.852722	0.253658	0.28496	0.387906	873.852722	0.04706	0.460255	0.00502	0.5649	0.106979	0.668833
875.433228	0.257591	0.292216	0.398857	875.433228	0.047896	0.467285	0.005119	0.579313	0.11031	0.687404
877.013489	0.251962	0.284533	0.388776	877.013489	0.046495	0.457428	0.004982	0.564084	0.107445	0.670106
878.593628	0.250895	0.281684	0.386041	878.593628	0.046362	0.455429	0.004946	0.558422	0.107423	0.664659
880.173828	0.255486	0.288402	0.394272	880.173828	0.047259	0.463713	0.005093	0.571711	0.109054	0.67949
881.753784	0.251938	0.28382	0.390402	881.753784	0.046458	0.457418	0.005085	0.562555	0.107843	0.672962
883.333801	0.2479	0.279336	0.381754	883.333801	0.045683	0.450117	0.005008	0.553663	0.105605	0.657903
884.913696	0.25371	0.288228	0.391365	884.913696	0.046455	0.460965	0.005174	0.571282	0.10877	0.673959
886.493469	0.255827	0.292271	0.397094	886.493469	0.047067	0.464588	0.005232	0.57931	0.110481	0.683707
888.073242	0.249019	0.284785	0.38447	888.073242	0.045508	0.45253	0.005103	0.564466	0.107622	0.661317
889.652832	0.247896	0.281186	0.379442	889.652832	0.045186	0.450605	0.005056	0.557317	0.105494	0.65339
891.2323	0.250927	0.28502	0.386304	891.2323	0.045688	0.456165	0.005128	0.564913	0.107791	0.664817
892.811829	0.25013	0.284247	0.388658	892.811829	0.045384	0.454875	0.005155	0.563338	0.109117	0.668199
894.391235	0.24474	0.27752	0.378122	894.391235	0.044667	0.444813	0.005035	0.550005	0.10528	0.650964
895.97052	0.244372	0.275106	0.371868	895.97052	0.044275	0.444468	0.005043	0.545168	0.103857	0.639879
897.549683	0.247515	0.280052	0.377797	897.549683	0.044973	0.450057	0.005166	0.554939	0.10627	0.649324
899.128784	0.252884	0.286849	0.392911	899.128784	0.045631	0.460137	0.005274	0.568424	0.109957	0.675866
900.707825	0.250164	0.28623	0.393015	900.707825	0.04507	0.455257	0.00527	0.567191	0.110661	0.67537
902.286804	0.24424	0.279616	0.379279	902.286804	0.043977	0.444503	0.005221	0.554011	0.105833	0.652725
903.865601	0.242078	0.27539	0.37148	903.865601	0.043202	0.440954	0.005117	0.545663	0.104641	0.638318
905.444458	0.245429	0.278249	0.374349	905.444458	0.043658	0.4472	0.005144	0.551353	0.105746	0.642951
907.023071	0.250004	0.284403	0.384248	907.023071	0.044745	0.455263	0.005302	0.563504	0.108964	0.659532
908.601685	0.252613	0.288469	0.392277	908.601685	0.04522	0.460006	0.005462	0.571477	0.110367	0.674187
910.180176	0.251391	0.288434	0.391912	910.180176	0.044755	0.458026	0.005451	0.571417	0.111115	0.672709
911.758606	0.248403	0.285414	0.386606	911.758606	0.043625	0.453181	0.005374	0.565454	0.109512	0.6637
913.336914	0.243481	0.280176	0.379122	913.336914	0.042995	0.443966	0.005333	0.55502	0.106688	0.651557
914.915161	0.242394	0.277103	0.375169	914.915161	0.042756	0.442031	0.005294	0.548912	0.106517	0.643821
916.493347	0.24088	0.273896	0.37243	916.493347	0.042526	0.439234	0.005248	0.542544	0.106079	0.638781
918.071411	0.242071	0.274701	0.37393	918.071411	0.042299	0.441844	0.005341	0.544061	0.105941	0.641918
919.649292	0.24436	0.281734	0.382788	919.649292	0.042737	0.445983	0.005427	0.558041	0.108241	0.657336
921.227234	0.244418	0.279194	0.37892	921.227234	0.042971	0.445865	0.005461	0.552927	0.108049	0.64979
922.804993	0.243644	0.278958	0.381006	922.804993	0.042594	0.444693	0.005458	0.552457	0.108819	0.653192
924.38269	0.242296	0.278904	0.382857	924.38269	0.042641	0.441951	0.00544	0.552369	0.108499	0.657215
925.960327	0.242117	0.279153	0.38027	925.960327	0.042423	0.441812	0.005465	0.552841	0.107967	0.652572
927.537781	0.242115	0.28124	0.378349	927.537781	0.042026	0.442204	0.005566	0.556914	0.10798	0.648718
929.115234	0.241062	0.281528	0.378471	929.115234	0.041499	0.440624	0.005526	0.557529	0.108755	0.648188
930.692566	0.240534	0.278629	0.376746	930.692566	0.04169	0.439377	0.005555	0.551704	0.107823	0.645669
932.269836	0.241747	0.280416	0.376973	932.269836	0.041753	0.441741	0.00558	0.555252	0.107887	0.646059
933.846985	0.240733	0.279033	0.376061	933.846985	0.041455	0.440011	0.005588	0.552478	0.108741	0.643381
935.424011	0.240031	0.278707	0.378512	935.424011	0.041196	0.438865	0.005595	0.551819	0.109176	0.647847
937.000977	0.237632	0.277501	0.373204	937.000977	0.041085	0.434178	0.005593	0.54941	0.106926	0.639481
938.57782	0.236216	0.274917	0.370765	938.57782	0.040259	0.432173	0.005519	0.544316	0.106925	0.634605
940.154602	0.238534	0.277835	0.376083	940.154602	0.040508	0.436561	0.005689	0.549981	0.107659	0.644508
941.731262	0.237703	0.278967	0.377448	941.731262	0.041159	0.434246	0.00567	0.552264	0.109404	0.645492
943.307922	0.237567	0.278529	0.378208	943.307922	0.040683	0.434451	0.005689	0.551368	0.109482	0.646934
944.884399	0.237269	0.277595	0.374961	944.884399	0.040584	0.433954	0.005782	0.549409	0.108175	0.641747
946.460754	0.237891	0.279959	0.375399	946.460754	0.039857	0.435924	0.005775	0.554143	0.107722	0.643076
948.036987	0.237458	0.278032	0.378295	948.036987	0.040245	0.434671	0.005829	0.550234	0.108996	0.647595
949.613281	0.236929	0.278784	0.37642	949.613281	0.039832	0.434027	0.005776	0.551793	0.108617	0.644224
951.189331	0.237137	0.279766	0.376971	951.189331	0.040135	0.434138	0.005905	0.553627	0.109458	0.644485
952.76532	0.238136	0.280772	0.37736	952.76532	0.040426	0.435846	0.005909	0.555635	0.110178	0.644542
954.341309	0.235403	0.279454	0.377234	954.341309	0.039454	0.431352	0.005876	0.553033	0.109645	0.644824
955.917114	0.235172	0.280589	0.377626	955.917114	0.03903	0.431315	0.005924	0.555254	0.109011	0.64624
957.492798	0.235728	0.279713	0.378695	957.492798	0.039695	0.431762	0.005965	0.553461	0.109857	0.647533
959.068359	0.236644	0.279989	0.37698	959.068359	0.039753	0.433535	0.005969	0.55401	0.110122	0.643838
960.643921	0.234374	0.2784	0.376194	960.643921	0.039009	0.429738	0.006012	0.550788	0.110363	0.642025
962.21936	0.235289	0.27712	0.376405	962.21936	0.039313	0.431265	0.005984	0.548255	0.109894	0.642916
963.794617	0.23336	0.276257	0.374769	963.794617	0.038862	0.427857	0.005996	0.546519	0.108738	0.6408
965.369934	0.234115	0.276418	0.377769	965.369934	0.039355	0.428875	0.006095	0.546741	0.109698	0.64584
966.945007	0.233869	0.275242	0.373343	966.945007	0.038792	0.428946	0.006021	0.544463	0.108437	0.638248
968.52002	0.232448	0.277587	0.375308	968.52002	0.0385	0.426396	0.006113	0.549061	0.108919	0.641697
970.09491	0.232702	0.277	0.374793	970.09491	0.03831	0.427094	0.006153	0.547847	0.110357	0.639229
971.6698	0.231572	0.279246	0.375753	971.6698	0.038207	0.424937	0.006154	0.552338	0.109229	0.642276
973.244507	0.229958	0.277771	0.373485	973.244507	0.037966	0.421949	0.006136	0.549405	0.109268	0.637703
974.819153	0.230877	0.278258	0.37302	974.819153	0.038119	0.423635	0.006217	0.5503	0.109588	0.636452
976.393677	0.230476	0.278421	0.374383	976.393677	0.037971	0.422981	0.006185	0.550656	0.109289	0.639477
977.968079	0.230841	0.279121	0.372492	977.968079	0.03757	0.424112	0.006252	0.55199	0.108637	0.636347
979.542358	0.229872	0.277492	0.372429	979.542358	0.037325	0.422419	0.006235	0.54875	0.110202	0.634655
981.116577	0.229361	0.277469	0.372582	981.116577	0.037656	0.421065	0.006232	0.548705	0.109464	0.635701
982.690735	0.228505	0.274937	0.370846	982.690735	0.03711	0.419899	0.00628	0.543594	0.10925	0.632442
984.264771	0.227744	0.273652	0.370464	984.264771	0.037259	0.41823	0.006284	0.541019	0.108662	0.632266
985.838684	0.228811	0.274515	0.373419	985.838684	0.036904	0.420717	0.006343	0.542687	0.109811	0.637027
987.412415	0.228184	0.274252	0.370669	987.412415	0.037321	0.419046	0.006359	0.542144	0.108228	0.63311
988.986145	0.227296	0.274097	0.368772	988.986145	0.036519	0.418074	0.006365	0.54183	0.108225	0.629319
990.559753	0.226369	0.271435	0.367514	990.559753	0.036277	0.416461	0.006294	0.536576	0.108946	0.626082
992.133179	0.225926	0.269995	0.364797	992.133179	0.03655	0.415302	0.006378	0.533612	0.107919	0.621674
993.706665	0.226207	0.270212	0.366655	993.706665	0.036159	0.416255	0.006398	0.534025	0.107733	0.625577
995.279907	0.225644	0.268747	0.367831	995.279907	0.036333	0.414955	0.006397	0.531098	0.108186	0.627476
996.853027	0.22554	0.270724	0.368765	996.853027	0.036001	0.415079	0.006439	0.535009	0.108549	0.62898
998.426147	0.227654	0.273565	0.372748	998.426147	0.035768	0.419541	0.006579	0.540552	0.10974	0.635757
999.999146	0.226802	0.273251	0.36929	999.999146	0.036562	0.417041	0.006521	0.53998	0.10846	0.630121
1012.878723	0.220224	0.277993	0.374543	1012.878723	0.034413	0.406036	0.007275	0.548711	0.114232	0.634854
1016.250183	0.219286	0.276347	0.375474	1016.250183	0.033767	0.404804	0.007334	0.545359	0.114713	0.636236
1019.622375	0.218907	0.276217	0.374244	1019.622375	0.033912	0.403903	0.007361	0.545073	0.114169	0.634318
1022.995239	0.219251	0.277081	0.372941	1022.995239	0.033784	0.404718	0.007419	0.546742	0.114149	0.631732
1026.368652	0.217086	0.27237	0.37319	1026.368652	0.033309	0.400863	0.00745	0.53729	0.114213	0.632167
1029.74292	0.217639	0.274665	0.375095	1029.74292	0.033374	0.401904	0.007541	0.541788	0.115028	0.635163
1033.117676	0.21709	0.273473	0.373742	1033.117676	0.033125	0.401054	0.007597	0.53935	0.114831	0.632652
1036.493286	0.216812	0.276466	0.374011	1036.493286	0.033015	0.400608	0.007707	0.545225	0.114818	0.633204
1039.869385	0.216627	0.273188	0.37177	1039.869385	0.03294	0.400315	0.007724	0.538651	0.114551	0.62899
1043.246338	0.214962	0.272039	0.37342	1043.246338	0.032491	0.397433	0.007749	0.536329	0.115062	0.631778
1046.623779	0.21447	0.273639	0.373892	1046.623779	0.032244	0.396696	0.007859	0.539418	0.115448	0.632337
1050.001953	0.214406	0.275411	0.378748	1050.001953	0.032024	0.396788	0.00801	0.542812	0.11672	0.640776
1053.380859	0.213368	0.275106	0.376357	1053.380859	0.03163	0.395107	0.008063	0.542149	0.116165	0.636548
1056.760498	0.212827	0.276069	0.380381	1056.760498	0.031392	0.394262	0.008192	0.543946	0.117828	0.642934
1060.140625	0.213582	0.276737	0.377745	1060.140625	0.031572	0.395592	0.008267	0.545206	0.117262	0.638229
1063.521484	0.213508	0.273742	0.373271	1063.521484	0.031313	0.395703	0.008269	0.539215	0.115882	0.630661
1066.903076	0.213647	0.275086	0.377167	1066.903076	0.031193	0.396101	0.008341	0.541832	0.117389	0.636945
1070.2854	0.211788	0.271905	0.372495	1070.2854	0.031057	0.392519	0.008363	0.535447	0.115916	0.629073
1073.668213	0.212329	0.275093	0.377957	1073.668213	0.030808	0.39385	0.008532	0.541655	0.11785	0.638064
1077.051758	0.211919	0.272675	0.374691	1077.051758	0.030669	0.393169	0.008521	0.53683	0.117216	0.632167
1080.436035	0.211554	0.272082	0.3711	1080.436035	0.030441	0.392666	0.008569	0.535595	0.116178	0.626022
1083.820923	0.209951	0.273509	0.371238	1083.820923	0.030192	0.38971	0.008716	0.538302	0.116399	0.626076
1087.206543	0.209819	0.273292	0.37327	1087.206543	0.029965	0.389673	0.008832	0.537751	0.117088	0.629452
1090.592773	0.210152	0.270152	0.371194	1090.592773	0.029927	0.390376	0.008738	0.531566	0.116791	0.625596
1093.979736	0.210845	0.268472	0.369414	1093.979736	0.029953	0.391738	0.008828	0.528116	0.116289	0.622539
1097.36731	0.210003	0.268161	0.368362	1097.36731	0.029614	0.390392	0.008889	0.527433	0.11628	0.620443
1100.755615	0.209087	0.273917	0.372792	1100.755615	0.029444	0.38873	0.009126	0.538707	0.117551	0.628034
1104.144531	0.208984	0.272493	0.375074	1104.144531	0.029375	0.388593	0.009142	0.535843	0.118455	0.631694
1107.53418	0.207819	0.272978	0.376131	1107.53418	0.029106	0.386531	0.009313	0.536644	0.119236	0.633027
1110.924438	0.208968	0.272159	0.380423	1110.924438	0.029146	0.38879	0.009303	0.535014	0.120543	0.640303
1114.31543	0.2084	0.269854	0.372676	1114.31543	0.028929	0.387872	0.009297	0.53041	0.118233	0.62712
1117.707031	0.208627	0.271592	0.376777	1117.707031	0.028757	0.388497	0.009422	0.533761	0.119644	0.633909
1121.099365	0.207128	0.268822	0.372487	1121.099365	0.028488	0.385767	0.009383	0.528262	0.11846	0.626515
1124.49231	0.206377	0.268605	0.375735	1124.49231	0.028229	0.384526	0.009468	0.527742	0.119911	0.631559
1127.885986	0.204603	0.265607	0.371127	1127.885986	0.028003	0.381204	0.009474	0.521741	0.118556	0.623697
1131.280273	0.204071	0.265372	0.37465	1131.280273	0.027787	0.380354	0.009598	0.521147	0.120565	0.628736
1134.675293	0.203947	0.264137	0.373047	1134.675293	0.027589	0.380306	0.009595	0.51868	0.119294	0.6268
1138.070923	0.204127	0.264391	0.374234	1138.070923	0.027515	0.380739	0.00967	0.519112	0.120443	0.628024
1141.467285	0.204556	0.265525	0.372975	1141.467285	0.027585	0.381527	0.009788	0.521261	0.120069	0.62588
1144.864258	0.204876	0.266586	0.376756	1144.864258	0.027432	0.38232	0.009915	0.523256	0.121889	0.631624
1148.261963	0.204734	0.268136	0.374741	1148.261963	0.027362	0.382106	0.01002	0.526252	0.120964	0.628518
1151.660278	0.204036	0.265893	0.37621	1151.660278	0.027052	0.38102	0.010096	0.52169	0.122181	0.630239
1155.059326	0.20363	0.264769	0.374407	1155.059326	0.02693	0.380331	0.010152	0.519387	0.12157	0.627245
1158.458984	0.204339	0.265935	0.377175	1158.458984	0.026994	0.381684	0.010212	0.521658	0.122497	0.631852
1161.859253	0.20229	0.26535	0.378019	1161.859253	0.026568	0.378013	0.01027	0.520429	0.122882	0.633156
1165.260376	0.201578	0.267847	0.376717	1165.260376	0.026304	0.376852	0.010456	0.525237	0.122619	0.630815
1168.661987	0.201756	0.266318	0.379068	1168.661987	0.02627	0.377241	0.010494	0.522141	0.123597	0.634539
1172.064453	0.200817	0.264583	0.377776	1172.064453	0.026235	0.375399	0.010491	0.518676	0.123691	0.631861
1175.467529	0.199872	0.264529	0.377138	1175.467529	0.025832	0.373912	0.010577	0.518482	0.123339	0.630938
1178.871216	0.200531	0.265468	0.378806	1178.871216	0.025871	0.375191	0.010712	0.520224	0.124197	0.633416
1182.275635	0.199825	0.26235	0.37581	1182.275635	0.025583	0.374067	0.010555	0.514144	0.123272	0.628348
1185.680664	0.200408	0.263292	0.378754	1185.680664	0.025504	0.375312	0.010773	0.515811	0.12467	0.632838
1189.086304	0.199462	0.266258	0.379599	1189.086304	0.025397	0.373528	0.011	0.521515	0.125174	0.634023
1192.492798	0.200267	0.263681	0.380552	1192.492798	0.025371	0.375163	0.010883	0.516478	0.125822	0.635282
1195.89978	0.198869	0.2597	0.374503	1195.89978	0.025015	0.372724	0.010859	0.50854	0.12373	0.625275
1199.307617	0.199761	0.260698	0.376172	1199.307617	0.025105	0.374417	0.010965	0.51043	0.124867	0.627477
1202.716064	0.198482	0.264429	0.380254	1202.716064	0.024809	0.372155	0.011193	0.517664	0.126253	0.634256
1206.125122	0.19853	0.259131	0.375501	1206.125122	0.024722	0.372338	0.011054	0.507208	0.125042	0.625961
1209.534912	0.198501	0.259492	0.369114	1209.534912	0.024738	0.372264	0.011137	0.507846	0.122902	0.615326
1212.945313	0.197498	0.255671	0.369986	1212.945313	0.024457	0.37054	0.01109	0.500252	0.123647	0.616324
1216.356445	0.197967	0.259959	0.374232	1216.356445	0.024375	0.371559	0.011329	0.508589	0.124918	0.623545
1219.768188	0.197038	0.260822	0.372318	1219.768188	0.024278	0.369797	0.011472	0.510172	0.125226	0.61941
1223.180664	0.197491	0.259664	0.374651	1223.180664	0.024215	0.370767	0.011538	0.50779	0.125771	0.623532
1226.59375	0.197493	0.262228	0.379678	1226.59375	0.024091	0.370896	0.011658	0.512799	0.127186	0.632169
1230.007568	0.195693	0.25879	0.378308	1230.007568	0.023775	0.367611	0.011552	0.506029	0.127175	0.629441
1233.421997	0.195194	0.259781	0.379392	1233.421997	0.023608	0.36678	0.011689	0.507872	0.128334	0.63045
1236.837158	0.193916	0.26173	0.376306	1236.837158	0.02323	0.364602	0.011818	0.511642	0.126951	0.625662
1240.25293	0.195257	0.257606	0.375695	1240.25293	0.023445	0.367069	0.011695	0.503516	0.127427	0.623962
1243.669434	0.194761	0.25834	0.377173	1243.669434	0.023202	0.36632	0.011884	0.504796	0.127909	0.626437
1247.086548	0.194488	0.259636	0.380693	1247.086548	0.023224	0.365752	0.012024	0.507247	0.129429	0.631957
1250.504395	0.194886	0.260107	0.381033	1250.504395	0.0232	0.366572	0.012092	0.508123	0.12916	0.632906
1253.922852	0.1955	0.259041	0.382879	1253.922852	0.023222	0.367779	0.012113	0.50597	0.130571	0.635186
1257.342041	0.194732	0.260703	0.386077	1257.342041	0.022871	0.366593	0.012223	0.509183	0.131634	0.64052
1260.761841	0.194009	0.257299	0.378336	1260.761841	0.0227	0.365318	0.012134	0.502465	0.129195	0.627478
1264.182373	0.192896	0.259211	0.384238	1264.182373	0.022496	0.363297	0.012323	0.506099	0.131657	0.636819
1267.603516	0.193543	0.257424	0.3823	1267.603516	0.022592	0.364494	0.012328	0.502521	0.130757	0.633843
1271.025391	0.193625	0.253298	0.383374	1271.025391	0.022517	0.364734	0.012187	0.494409	0.131972	0.634776
1274.447998	0.192914	0.254193	0.37949	1274.447998	0.022256	0.363573	0.012317	0.49607	0.13023	0.62875
1277.871094	0.191909	0.25471	0.37952	1277.871094	0.02195	0.361867	0.012468	0.496951	0.131244	0.627797
1281.294922	0.191687	0.252496	0.37826	1281.294922	0.021938	0.361436	0.012356	0.492635	0.130344	0.626175
1284.719482	0.19147	0.254826	0.383125	1284.719482	0.0218	0.36114	0.01254	0.497112	0.132758	0.633492
1288.144775	0.192898	0.254438	0.381969	1288.144775	0.022017	0.363778	0.012619	0.496258	0.132081	0.631858
1291.570557	0.191522	0.251865	0.379209	1291.570557	0.021734	0.36131	0.012524	0.491205	0.132184	0.626235
1294.997192	0.191544	0.25361	0.384322	1294.997192	0.021643	0.361444	0.012741	0.494479	0.133946	0.634697
1298.424316	0.192376	0.254406	0.380833	1298.424316	0.021559	0.363194	0.012867	0.495945	0.132971	0.628695
1301.852295	0.190913	0.253699	0.383875	1301.852295	0.021453	0.360373	0.012855	0.494543	0.134068	0.633681
1305.280762	0.190435	0.253171	0.379933	1305.280762	0.021275	0.359595	0.013002	0.493341	0.133594	0.626272
1308.710083	0.191984	0.25313	0.381828	1308.710083	0.021241	0.362727	0.012977	0.493282	0.133809	0.629847
1312.139893	0.191398	0.252819	0.381364	1312.139893	0.021166	0.36163	0.01297	0.492668	0.134144	0.628585
1315.570557	0.191133	0.251272	0.382259	1315.570557	0.021041	0.361225	0.013039	0.489506	0.134776	0.629742
1319.001709	0.191017	0.252227	0.384062	1319.001709	0.020774	0.36126	0.013253	0.491201	0.135769	0.632356
1322.433716	0.190786	0.250454	0.383274	1322.433716	0.020689	0.360884	0.013032	0.487875	0.135549	0.631
1325.866333	0.188567	0.247444	0.380758	1325.866333	0.020465	0.356669	0.012933	0.481954	0.135101	0.626414
1329.299561	0.189455	0.246305	0.383252	1329.299561	0.020449	0.35846	0.012932	0.479677	0.13631	0.630195
1332.733521	0.188747	0.246329	0.380157	1332.733521	0.020342	0.357153	0.013044	0.479615	0.135132	0.625183
1336.168091	0.187326	0.246351	0.388695	1336.168091	0.020259	0.354394	0.013181	0.479521	0.1388	0.638591
1339.603271	0.18759	0.2456	0.383074	1339.603271	0.02018	0.354999	0.013199	0.478001	0.136895	0.629253
1343.039307	0.186815	0.2452	0.383465	1343.039307	0.019947	0.353684	0.013226	0.477174	0.137249	0.629681
1346.47583	0.185815	0.246092	0.380112	1346.47583	0.019818	0.351812	0.013401	0.478783	0.136136	0.624088
1349.913208	0.18744	0.248144	0.389703	1349.913208	0.019931	0.354948	0.013559	0.48273	0.140447	0.638959
1353.351196	0.185864	0.246687	0.382248	1353.351196	0.019611	0.352116	0.013473	0.479901	0.137993	0.626503
1356.789795	0.186018	0.240727	0.38154	1356.789795	0.019558	0.352477	0.013278	0.468176	0.138136	0.624943
1360.229126	0.185808	0.243778	0.38076	1360.229126	0.019469	0.352146	0.013416	0.474141	0.137629	0.623892
1363.669189	0.185315	0.241873	0.381772	1363.669189	0.019273	0.351356	0.013345	0.4704	0.137647	0.625898
1367.109741	0.185632	0.239826	0.383881	1367.109741	0.019214	0.35205	0.013379	0.466274	0.139212	0.62855
1370.551025	0.186485	0.243072	0.382407	1370.551025	0.019248	0.353722	0.01367	0.472473	0.139076	0.625739
1373.993042	0.18634	0.244829	0.39034	1373.993042	0.019225	0.353456	0.013817	0.47584	0.142403	0.638277
1377.435791	0.185021	0.241733	0.389273	1377.435791	0.018972	0.35107	0.013688	0.469777	0.143019	0.635526
1380.87915	0.184324	0.240767	0.390005	1380.87915	0.018816	0.349832	0.013654	0.46788	0.143666	0.636343
1384.322998	0.184483	0.242903	0.386816	1384.322998	0.01869	0.350276	0.01377	0.472035	0.140779	0.632853
1387.767822	0.184867	0.241456	0.382158	1387.767822	0.01866	0.351073	0.013782	0.469131	0.140579	0.623737
1391.213135	0.183916	0.240712	0.387762	1391.213135	0.018555	0.349276	0.013854	0.46757	0.142509	0.633014
1394.65918	0.184389	0.23677	0.386216	1394.65918	0.01851	0.350268	0.013735	0.459805	0.14253	0.629903
1398.105835	0.184523	0.246494	0.393785	1398.105835	0.018582	0.350464	0.014378	0.478609	0.145571	0.641999
1401.553223	0.183629	0.239807	0.392841	1401.553223	0.018428	0.34883	0.01401	0.465605	0.145596	0.640087
1405.001221	0.184867	0.241013	0.391636	1405.001221	0.018377	0.351357	0.01405	0.467977	0.144277	0.638995
1408.449951	0.185728	0.240077	0.389732	1408.449951	0.018298	0.353158	0.014024	0.46613	0.14403	0.635434
1411.899292	0.185087	0.240298	0.389725	1411.899292	0.01842	0.351753	0.014146	0.466451	0.145063	0.634386
1415.349365	0.185584	0.240683	0.388664	1415.349365	0.018494	0.352674	0.014235	0.46713	0.144853	0.632475
1418.800049	0.183595	0.239238	0.385154	1418.800049	0.018032	0.349159	0.014151	0.464325	0.143885	0.626424
1422.251465	0.183012	0.237539	0.387342	1422.251465	0.017959	0.348064	0.01395	0.461129	0.144238	0.630446
1425.703491	0.183157	0.237045	0.384789	1425.703491	0.017732	0.348581	0.014136	0.459954	0.143758	0.625819
1429.15625	0.181486	0.234862	0.385889	1429.15625	0.017574	0.345398	0.014038	0.455686	0.144776	0.627003
1432.609619	0.182479	0.236423	0.392472	1432.609619	0.017666	0.347292	0.014193	0.458653	0.147508	0.637436
1436.063721	0.18274	0.237189	0.395695	1436.063721	0.017658	0.347821	0.014406	0.459972	0.148908	0.642482
1439.518555	0.179966	0.237066	0.389061	1439.518555	0.017241	0.342691	0.014287	0.459845	0.146787	0.631335
1442.973877	0.180233	0.241587	0.391242	1442.973877	0.01738	0.343086	0.014454	0.46872	0.147389	0.635095
1446.430054	0.181199	0.238457	0.38462	1446.430054	0.017296	0.345101	0.01438	0.462534	0.14486	0.62438
1449.886841	0.182242	0.234611	0.385529	1449.886841	0.017389	0.347096	0.014346	0.454875	0.145662	0.625397
1453.344238	0.181794	0.232062	0.384651	1453.344238	0.01717	0.346418	0.014104	0.45002	0.145771	0.62353
1456.802368	0.182099	0.233997	0.388116	1456.802368	0.017017	0.347181	0.0142	0.453795	0.146905	0.629328
1460.261108	0.180986	0.230611	0.388189	1460.261108	0.016797	0.345175	0.014109	0.447114	0.147744	0.628633
1463.720581	0.179654	0.234521	0.387116	1463.720581	0.016688	0.34262	0.014543	0.4545	0.147399	0.626833
1467.180786	0.180003	0.23566	0.401168	1467.180786	0.016634	0.343372	0.014616	0.456703	0.15329	0.649046
1470.641479	0.178788	0.238173	0.403244	1470.641479	0.016581	0.340996	0.014742	0.461604	0.154551	0.651937
1474.103027	0.17837	0.237155	0.397139	1474.103027	0.01643	0.340311	0.014665	0.459645	0.152413	0.641865
1477.565186	0.17847	0.233162	0.391112	1477.565186	0.016459	0.340481	0.014471	0.451854	0.149795	0.632429
1481.027954	0.179112	0.236836	0.399539	1481.027954	0.016416	0.341808	0.014747	0.458926	0.153758	0.64532
1484.491455	0.178958	0.238654	0.396251	1484.491455	0.016369	0.341548	0.014882	0.462426	0.152121	0.640381
1487.955566	0.179243	0.232621	0.395509	1487.955566	0.016226	0.342259	0.01466	0.450581	0.153078	0.63794
1491.42041	0.177999	0.233955	0.400182	1491.42041	0.016078	0.339921	0.014904	0.453007	0.155809	0.644556
1494.885986	0.178377	0.231484	0.39373	1494.885986	0.016051	0.340703	0.014581	0.448388	0.152286	0.635175
1498.352051	0.178475	0.232513	0.399736	1498.352051	0.016046	0.340905	0.014553	0.450472	0.154997	0.644476
1501.81897	0.179885	0.22817	0.399377	1501.81897	0.016259	0.343512	0.014274	0.442066	0.154746	0.644008
1505.286377	0.176838	0.231063	0.400085	1505.286377	0.015821	0.337854	0.014553	0.447573	0.155618	0.644552
1508.754639	0.175001	0.234626	0.400721	1508.754639	0.015712	0.334289	0.014884	0.454368	0.156093	0.645348
1512.223389	0.175478	0.233422	0.397669	1512.223389	0.015683	0.335274	0.014808	0.452036	0.1554	0.639938
1515.692993	0.174691	0.232086	0.40061	1515.692993	0.015434	0.333948	0.01491	0.449262	0.157306	0.643914
1519.163208	0.175066	0.238398	0.409177	1519.163208	0.015454	0.334679	0.015309	0.461488	0.16127	0.657084
1522.634033	0.175244	0.232709	0.396564	1522.634033	0.015317	0.335171	0.014954	0.450464	0.155907	0.637221
1526.105591	0.173938	0.228392	0.395019	1526.105591	0.015343	0.332532	0.014672	0.442112	0.155712	0.634327
1529.577881	0.172992	0.230967	0.400278	1529.577881	0.015452	0.330531	0.014944	0.44699	0.157775	0.642781
1533.050659	0.174703	0.231088	0.403418	1533.050659	0.015459	0.333947	0.014706	0.44747	0.159222	0.647615
1536.52417	0.175621	0.229017	0.407119	1536.52417	0.015464	0.335778	0.014737	0.443296	0.161125	0.653112
1539.998413	0.173244	0.221676	0.401608	1539.998413	0.015146	0.331343	0.014341	0.429011	0.159232	0.643984
1543.473389	0.17272	0.222811	0.395429	1543.473389	0.015194	0.330247	0.014463	0.431159	0.156968	0.63389
1546.948975	0.171837	0.219913	0.388731	1546.948975	0.014873	0.328801	0.01428	0.425545	0.154616	0.622846
1550.425171	0.172188	0.226646	0.397564	1550.425171	0.014806	0.32957	0.014677	0.438615	0.157795	0.637333
1553.9021	0.171845	0.227703	0.398311	1553.9021	0.014834	0.328856	0.015011	0.440394	0.159073	0.63755
1557.379639	0.170766	0.229282	0.400361	1557.379639	0.014762	0.326769	0.01497	0.443594	0.159401	0.641321
1560.85791	0.170586	0.221362	0.386268	1560.85791	0.01457	0.326602	0.014596	0.428128	0.154935	0.617601
1564.336792	0.16997	0.220683	0.393659	1564.336792	0.014583	0.325357	0.014571	0.426794	0.157848	0.629471
1567.816528	0.170484	0.219484	0.398856	1567.816528	0.014258	0.326709	0.014518	0.424449	0.160071	0.637642
1571.296753	0.169431	0.223472	0.405683	1571.296753	0.014289	0.324574	0.014814	0.432131	0.164443	0.646922
1574.777588	0.167925	0.225393	0.40415	1574.777588	0.014229	0.321621	0.014933	0.435852	0.163105	0.645194
1578.259277	0.170871	0.224896	0.406233	1578.259277	0.014331	0.327412	0.015045	0.434747	0.164357	0.648108
1581.741577	0.170936	0.227621	0.407582	1581.741577	0.014111	0.327762	0.015141	0.4401	0.164927	0.650238
1585.224487	0.169851	0.223248	0.407104	1585.224487	0.014345	0.325358	0.015056	0.43144	0.165273	0.648936
1588.708252	0.170628	0.227211	0.407159	1588.708252	0.014207	0.327049	0.015095	0.439328	0.165104	0.649213
1592.192505	0.170362	0.227063	0.405328	1592.192505	0.01395	0.326775	0.01515	0.438977	0.165013	0.645644
1595.67749	0.169684	0.223327	0.404963	1595.67749	0.013978	0.32539	0.015007	0.431647	0.164944	0.644981
1599.163086	0.168783	0.221117	0.404497	1599.163086	0.013853	0.323713	0.014799	0.427434	0.166216	0.642778
1602.649414	0.169189	0.223231	0.409458	1602.649414	0.013828	0.324549	0.015177	0.431285	0.167459	0.651457
1606.136475	0.167719	0.222538	0.412211	1606.136475	0.013591	0.321846	0.015193	0.429884	0.16958	0.654842
1609.624023	0.168309	0.228059	0.414814	1609.624023	0.013691	0.322926	0.015376	0.440742	0.169613	0.660015
1613.112427	0.167884	0.224125	0.407247	1613.112427	0.013526	0.322241	0.015337	0.432913	0.16773	0.646764
1616.601318	0.166721	0.221025	0.405458	1616.601318	0.013393	0.320049	0.015063	0.426987	0.167112	0.643803
1620.091064	0.166703	0.220877	0.403865	1620.091064	0.013482	0.319924	0.015194	0.426561	0.166811	0.640919
1623.581299	0.167968	0.222377	0.402374	1623.581299	0.013417	0.322519	0.015288	0.429466	0.167293	0.637454
1627.072388	0.167552	0.223205	0.407217	1627.072388	0.013491	0.321612	0.015377	0.431034	0.169097	0.645336
1630.564087	0.169016	0.222609	0.413744	1630.564087	0.013504	0.324529	0.015229	0.42999	0.172085	0.655403
1634.056396	0.165614	0.219213	0.408448	1634.056396	0.013161	0.318066	0.014955	0.423471	0.168363	0.648533
1637.549561	0.165007	0.218039	0.403997	1637.549561	0.013308	0.316707	0.015039	0.42104	0.167651	0.640344
1641.043213	0.1661	0.221665	0.408238	1641.043213	0.013115	0.319084	0.01529	0.42804	0.17028	0.646195
1644.537476	0.16619	0.215892	0.40594	1644.537476	0.01285	0.319529	0.014751	0.417034	0.170164	0.641716
1648.032593	0.1652	0.221558	0.415537	1648.032593	0.012849	0.317551	0.015612	0.427504	0.174475	0.656599
1651.52832	0.165183	0.218025	0.414269	1651.52832	0.012807	0.31756	0.01522	0.42083	0.174055	0.654482
1655.024658	0.165226	0.220953	0.417723	1655.024658	0.01306	0.317392	0.015425	0.42648	0.174245	0.6612
1658.521729	0.165454	0.215339	0.41467	1658.521729	0.012739	0.31817	0.01472	0.415959	0.173418	0.655922
1662.019531	0.165177	0.218722	0.409376	1662.019531	0.012918	0.317435	0.015327	0.422118	0.172135	0.646618
1665.517944	0.166241	0.222563	0.41671	1665.517944	0.01292	0.319562	0.015325	0.429801	0.175487	0.657933
1669.016968	0.164903	0.216914	0.409368	1669.016968	0.012705	0.317102	0.014974	0.418853	0.172552	0.646184
1672.516846	0.164672	0.218365	0.414466	1672.516846	0.012487	0.316856	0.015325	0.421404	0.175769	0.653163
1676.017212	0.163289	0.216168	0.411831	1676.017212	0.012242	0.314337	0.015112	0.417224	0.175262	0.6484
1679.518188	0.163122	0.217175	0.409833	1679.518188	0.012501	0.313744	0.015622	0.418727	0.17547	0.644195
1683.019897	0.162037	0.221191	0.415906	1683.019897	0.012597	0.311476	0.015199	0.427184	0.17732	0.654492
1686.522461	0.163171	0.217924	0.410565	1686.522461	0.012617	0.313724	0.015384	0.420464	0.174273	0.646856