Average polarization				Separate polarizations						
Wavelength (nm)	55.00 incidence reflectance	65.00 incidence reflectance	75.00 incidence reflectance	Wavelength (nm)	"p-Intensity, 55.00 incidence reflectance"	"s-Intensity, 55.00 incidence reflectance"	"p-Intensity, 65.00 incidence reflectance"	"s-Intensity, 65.00 incidence reflectance"	"p-Intensity, 75 incidence reflectance"	"s-Intensity, 75incidence reflectance"
192.414993	0.362608	0.27882	0.166736	192.414993	0.29071	0.434506	0.174693	0.382948	0.038477	0.294994
194.001999	0.362099	0.278178	0.165906	194.001999	0.290451	0.433747	0.174466	0.38189	0.038324	0.293489
195.589081	0.361213	0.276349	0.163734	195.589081	0.289749	0.432676	0.172559	0.380139	0.037229	0.290239
197.176178	0.360872	0.275695	0.163269	197.176178	0.288769	0.432975	0.172142	0.379247	0.036941	0.289597
198.763351	0.360531	0.27484	0.163311	198.763351	0.288315	0.432746	0.171272	0.378408	0.036332	0.29029
200.350571	0.359398	0.275183	0.162114	200.350571	0.288227	0.430569	0.17163	0.378737	0.03588	0.288347
201.937836	0.360342	0.275041	0.162211	201.937836	0.288347	0.432337	0.172234	0.377848	0.035452	0.288969
203.525162	0.363183	0.277186	0.161732	203.525162	0.291159	0.435208	0.174021	0.380351	0.035634	0.287831
205.112518	0.367136	0.279451	0.160814	205.112518	0.294675	0.439596	0.175796	0.383105	0.034776	0.286853
206.699921	0.372129	0.283776	0.160814	206.699921	0.299468	0.44479	0.179359	0.388194	0.034047	0.287581
208.287399	0.377183	0.287895	0.16057	208.287399	0.304308	0.450058	0.183748	0.392042	0.034078	0.287063
209.874908	0.382824	0.291735	0.160222	209.874908	0.30895	0.456698	0.187388	0.396083	0.033804	0.28664
211.462448	0.388757	0.297157	0.159871	211.462448	0.314816	0.462698	0.192431	0.401882	0.033502	0.286239
213.050049	0.39535	0.302515	0.159377	213.050049	0.32105	0.469651	0.197466	0.407564	0.033444	0.285311
214.637695	0.401383	0.307248	0.158841	214.637695	0.32738	0.475386	0.202459	0.412037	0.033006	0.284677
216.225388	0.406549	0.312013	0.158772	216.225388	0.332132	0.480967	0.206917	0.41711	0.032928	0.284617
217.813141	0.41116	0.315526	0.15815	217.813141	0.336638	0.485682	0.210486	0.420567	0.03304	0.283259
219.400925	0.415876	0.31928	0.15839	219.400925	0.340663	0.491089	0.213491	0.425069	0.03299	0.283789
220.98877	0.419816	0.322301	0.158041	220.98877	0.344944	0.494688	0.217006	0.427596	0.03268	0.283402
222.57663	0.422395	0.324706	0.157828	222.57663	0.346381	0.498409	0.218503	0.430908	0.032472	0.283185
224.164581	0.425154	0.327484	0.15811	224.164581	0.349277	0.501031	0.2214	0.433567	0.032032	0.284187
225.752533	0.428732	0.330057	0.1585	225.752533	0.352394	0.505071	0.223485	0.436629	0.031907	0.285093
227.340546	0.431252	0.332511	0.159079	227.340546	0.354454	0.50805	0.225154	0.439868	0.031328	0.286829
228.928619	0.431957	0.333029	0.158838	228.928619	0.355036	0.508878	0.225254	0.440804	0.03104	0.286636
230.516693	0.431685	0.332299	0.15869	230.516693	0.354134	0.509237	0.224302	0.440295	0.030296	0.287084
232.104858	0.430627	0.331113	0.158112	232.104858	0.353204	0.508049	0.223473	0.438754	0.029579	0.286645
233.693039	0.42987	0.331059	0.157666	233.693039	0.35218	0.50756	0.222595	0.439522	0.02896	0.286372
235.281281	0.430003	0.331272	0.1574	235.281281	0.352402	0.507604	0.222975	0.439569	0.028535	0.286264
236.869537	0.430856	0.331953	0.157649	236.869537	0.353028	0.508684	0.222739	0.441167	0.028091	0.287207
238.457855	0.430704	0.331792	0.158105	238.457855	0.352675	0.508733	0.222429	0.441156	0.027442	0.288768
240.046219	0.430413	0.331229	0.158014	240.046219	0.35185	0.508975	0.221457	0.441002	0.026961	0.289068
241.634598	0.429326	0.330851	0.157396	241.634598	0.350905	0.507748	0.220718	0.440984	0.026437	0.288354
243.223053	0.428402	0.330181	0.157013	243.223053	0.349834	0.506969	0.219765	0.440598	0.025745	0.288281
244.811523	0.428119	0.329641	0.156871	244.811523	0.349001	0.507238	0.218917	0.440364	0.025321	0.288421
246.400055	0.427047	0.329163	0.156439	246.400055	0.347775	0.506319	0.218382	0.439944	0.024795	0.288083
247.988602	0.427141	0.329008	0.155806	247.988602	0.347672	0.506611	0.218048	0.439968	0.024396	0.287216
249.577194	0.427134	0.3294	0.155672	249.577194	0.347305	0.506963	0.218256	0.440544	0.023992	0.287353
251.165848	0.427515	0.329723	0.155613	251.165848	0.347473	0.507558	0.218203	0.441244	0.023628	0.287598
252.754517	0.428057	0.330262	0.155765	252.754517	0.34799	0.508124	0.218488	0.442037	0.02329	0.28824
254.343231	0.429083	0.330747	0.155573	254.343231	0.348981	0.509185	0.218492	0.443003	0.023084	0.288063
255.932007	0.430092	0.331214	0.155846	255.932007	0.349539	0.510644	0.218775	0.443652	0.022653	0.289039
257.520813	0.43049	0.331823	0.156021	257.520813	0.349924	0.511057	0.218848	0.444799	0.022319	0.289722
259.10965	0.431405	0.332441	0.156424	259.10965	0.350754	0.512055	0.218944	0.445938	0.021976	0.290872
260.698517	0.431548	0.332592	0.156161	260.698517	0.350666	0.512429	0.219031	0.446153	0.021553	0.290769
262.287415	0.431667	0.332383	0.156251	262.287415	0.350543	0.512791	0.218844	0.445921	0.021113	0.29139
263.876373	0.431347	0.332545	0.156104	263.876373	0.350023	0.512671	0.218082	0.447008	0.020703	0.291505
265.465363	0.430353	0.331617	0.156029	265.465363	0.348732	0.511973	0.217058	0.446176	0.020225	0.291832
267.054382	0.429734	0.330706	0.155722	267.054382	0.347775	0.511693	0.215885	0.445526	0.019796	0.291648
268.643433	0.4286	0.329987	0.155462	268.643433	0.346516	0.510684	0.215151	0.444823	0.019181	0.291743
270.232513	0.427693	0.329021	0.155274	270.232513	0.345193	0.510193	0.213668	0.444374	0.01883	0.291718
271.821655	0.427692	0.329091	0.155486	271.821655	0.344921	0.510462	0.213294	0.444889	0.018557	0.292415
273.410828	0.427705	0.328832	0.155714	273.410828	0.345329	0.510082	0.213038	0.444627	0.01823	0.293198
275.000031	0.42779	0.328851	0.155938	275.000031	0.34512	0.51046	0.212733	0.44497	0.017851	0.294025
276.589264	0.42813	0.329005	0.15599	276.589264	0.345283	0.510976	0.212258	0.445751	0.017468	0.294512
278.178528	0.427202	0.328028	0.155965	278.178528	0.344033	0.510371	0.211255	0.444802	0.01702	0.29491
279.767822	0.42675	0.327503	0.156148	279.767822	0.34364	0.50986	0.210138	0.444869	0.016626	0.29567
281.357147	0.42571	0.327176	0.156229	281.357147	0.342348	0.509071	0.209461	0.444891	0.016323	0.296135
282.946533	0.425713	0.327329	0.156572	282.946533	0.342087	0.50934	0.20944	0.445218	0.015901	0.297243
284.53595	0.426109	0.327035	0.156697	284.53595	0.342221	0.509997	0.208642	0.445429	0.015619	0.297776
286.125366	0.425757	0.326799	0.156961	286.125366	0.342113	0.509402	0.20801	0.445588	0.015257	0.298665
287.714844	0.425252	0.326287	0.157235	287.714844	0.341282	0.509222	0.20761	0.444963	0.01482	0.299649
289.304352	0.424794	0.32653	0.157009	289.304352	0.340317	0.50927	0.207173	0.445887	0.01452	0.299498
290.89386	0.424557	0.325755	0.157488	290.89386	0.33967	0.509445	0.20603	0.445481	0.014114	0.300863
292.483459	0.424099	0.325453	0.157631	292.483459	0.339229	0.508969	0.205288	0.445619	0.013765	0.301497
294.073029	0.42409	0.324789	0.158081	294.073029	0.338849	0.509331	0.204422	0.445156	0.01345	0.302712
295.662659	0.423404	0.324674	0.158685	295.662659	0.337516	0.509292	0.203562	0.445786	0.013046	0.304323
297.252319	0.422969	0.323799	0.15866	297.252319	0.33677	0.509169	0.202413	0.445185	0.012687	0.304633
298.84201	0.422568	0.323721	0.158437	298.84201	0.335995	0.509141	0.201751	0.445692	0.012406	0.304468
300.431732	0.421471	0.322748	0.158769	300.431732	0.334655	0.508286	0.200144	0.445351	0.012055	0.305483
302.021484	0.420828	0.322733	0.15908	302.021484	0.333447	0.50821	0.199393	0.446074	0.011751	0.306408
303.611267	0.419454	0.321689	0.159192	303.611267	0.332269	0.50664	0.198442	0.444936	0.011433	0.306952
305.20105	0.419216	0.321337	0.159269	305.20105	0.331385	0.507046	0.19751	0.445164	0.011251	0.307287
306.790894	0.418463	0.320635	0.159801	306.790894	0.330178	0.506748	0.196166	0.445103	0.010884	0.308719
308.380768	0.418352	0.320509	0.160207	308.380768	0.329552	0.507152	0.195671	0.445347	0.010671	0.309743
309.970642	0.417806	0.319605	0.160195	309.970642	0.329159	0.506452	0.19444	0.444771	0.010335	0.310056
311.560577	0.417065	0.319781	0.160972	311.560577	0.327824	0.506306	0.194045	0.445516	0.010228	0.311717
313.150543	0.41644	0.318824	0.161227	313.150543	0.326658	0.506222	0.19251	0.445139	0.009867	0.312587
314.740509	0.416463	0.318775	0.16192	314.740509	0.32679	0.506136	0.191921	0.445629	0.00955	0.314291
316.330505	0.415356	0.318656	0.161965	316.330505	0.32542	0.505292	0.191148	0.446164	0.009315	0.314615
317.920532	0.415147	0.318262	0.162515	317.920532	0.324959	0.505335	0.190604	0.44592	0.009111	0.315919
319.51059	0.414203	0.317585	0.162817	319.51059	0.323486	0.504921	0.189305	0.445865	0.008928	0.316706
321.100677	0.414474	0.317357	0.163273	321.100677	0.323632	0.505316	0.188892	0.445822	0.008744	0.317802
322.690796	0.414175	0.317085	0.164121	322.690796	0.322426	0.505923	0.188242	0.445928	0.008622	0.31962
324.280914	0.413528	0.317141	0.164143	324.280914	0.322017	0.505039	0.18716	0.447123	0.008268	0.320017
325.871063	0.413568	0.316858	0.164996	325.871063	0.321781	0.505355	0.186073	0.447643	0.008105	0.321886
327.461243	0.412757	0.316589	0.165259	327.461243	0.3203	0.505214	0.185681	0.447497	0.007939	0.32258
329.051453	0.412459	0.315994	0.165507	329.051453	0.319504	0.505414	0.184581	0.447407	0.007668	0.323347
330.641693	0.41194	0.315827	0.16598	330.641693	0.318695	0.505185	0.183796	0.447858	0.007522	0.324439
332.231964	0.411905	0.316033	0.166551	332.231964	0.317992	0.505818	0.183479	0.448587	0.007308	0.325794
333.822235	0.411895	0.316248	0.1669	333.822235	0.317817	0.505974	0.183143	0.449354	0.007193	0.326608
335.412537	0.411576	0.315313	0.16791	335.412537	0.317165	0.505987	0.182073	0.448553	0.007004	0.328815
337.002869	0.411667	0.315755	0.167885	337.002869	0.317092	0.506241	0.181519	0.449991	0.006944	0.328826
338.593231	0.411208	0.315213	0.168909	338.593231	0.316227	0.506188	0.180616	0.44981	0.006754	0.331064
340.183594	0.411267	0.315433	0.169097	340.183594	0.316001	0.506532	0.180146	0.450721	0.00661	0.331584
341.773987	0.41141	0.315569	0.169961	341.773987	0.316003	0.506818	0.179285	0.451854	0.006506	0.333416
343.36441	0.411647	0.315876	0.170157	343.36441	0.315685	0.50761	0.179188	0.452564	0.006321	0.333993
344.954865	0.411863	0.316242	0.171587	344.954865	0.315525	0.5082	0.178742	0.453743	0.006195	0.336978
346.545319	0.412514	0.316081	0.1723	346.545319	0.31573	0.509299	0.178138	0.454024	0.006041	0.338558
348.135803	0.412338	0.317016	0.172949	348.135803	0.315115	0.50956	0.178273	0.455759	0.005936	0.339962
349.726288	0.412522	0.316932	0.173464	349.726288	0.315164	0.509881	0.17765	0.456214	0.005865	0.341063
351.316833	0.413228	0.317239	0.174322	351.316833	0.315357	0.511098	0.177673	0.456806	0.00562	0.343025
352.907349	0.413188	0.317565	0.174845	352.907349	0.314912	0.511463	0.176977	0.458153	0.005575	0.344116
354.497894	0.413814	0.318579	0.17589	354.497894	0.315133	0.512494	0.177327	0.459831	0.005505	0.346274
356.088501	0.4148	0.318463	0.17637	356.088501	0.315297	0.514303	0.177052	0.459873	0.005316	0.347423
357.679108	0.415715	0.318079	0.176573	357.679108	0.315882	0.515547	0.176838	0.45932	0.005218	0.347929
359.269714	0.415863	0.319612	0.178371	359.269714	0.315857	0.515868	0.176597	0.462628	0.00519	0.351553
360.860352	0.41714	0.32195	0.180113	360.860352	0.316756	0.517524	0.178147	0.465752	0.005028	0.355199
362.450989	0.418644	0.322026	0.180755	362.450989	0.318048	0.51924	0.177599	0.466452	0.005009	0.356501
364.041687	0.419802	0.323105	0.18213	364.041687	0.318782	0.520822	0.177959	0.468251	0.004874	0.359386
365.632385	0.421546	0.324205	0.182486	365.632385	0.320351	0.522741	0.178659	0.469751	0.004812	0.36016
367.223083	0.423371	0.325221	0.183307	367.223083	0.321488	0.525254	0.178677	0.471764	0.004626	0.361989
368.813782	0.42428	0.325891	0.184575	368.813782	0.322273	0.526288	0.179003	0.472779	0.00459	0.364561
370.404541	0.424857	0.327266	0.18495	370.404541	0.32198	0.527734	0.17922	0.475313	0.004524	0.365376
371.9953	0.424828	0.32811	0.186309	371.9953	0.321683	0.527973	0.179685	0.476535	0.004401	0.368217
373.58606	0.427958	0.32939	0.186769	373.58606	0.323987	0.531929	0.179853	0.478928	0.004324	0.369213
375.176849	0.429134	0.33036	0.18785	375.176849	0.325135	0.533132	0.180804	0.479917	0.004307	0.371394
376.767639	0.430117	0.331991	0.188919	376.767639	0.325957	0.534278	0.180829	0.483153	0.004309	0.373529
378.358459	0.432935	0.333502	0.190502	378.358459	0.328237	0.537633	0.182053	0.484951	0.004209	0.376795
379.94931	0.434042	0.335064	0.191055	379.94931	0.328619	0.539465	0.182651	0.487477	0.004111	0.377998
381.540161	0.436244	0.335824	0.192059	381.540161	0.330476	0.542011	0.183145	0.488502	0.004059	0.380059
383.131042	0.437677	0.337401	0.193215	383.131042	0.331819	0.543534	0.183331	0.49147	0.004007	0.382423
384.721893	0.439472	0.339185	0.194217	384.721893	0.333238	0.545706	0.184277	0.494093	0.003882	0.384553
386.312805	0.441827	0.341073	0.195798	386.312805	0.334962	0.548692	0.185172	0.496975	0.003885	0.38771
387.903687	0.443253	0.341561	0.19662	387.903687	0.335567	0.55094	0.185476	0.497647	0.003771	0.389468
389.494598	0.445791	0.343312	0.197156	389.494598	0.337268	0.554314	0.186282	0.500343	0.003732	0.390579
391.08551	0.447071	0.344668	0.198729	391.08551	0.338358	0.555784	0.187065	0.502271	0.003691	0.393767
392.676453	0.448227	0.345621	0.199384	392.676453	0.339319	0.557136	0.187548	0.503695	0.003585	0.395184
394.267426	0.449496	0.346841	0.200149	394.267426	0.340678	0.558314	0.18765	0.506031	0.003591	0.396707
395.858398	0.452085	0.348342	0.201066	395.858398	0.34233	0.56184	0.189036	0.507649	0.003563	0.398569
397.449371	0.454845	0.350398	0.202034	397.449371	0.343949	0.56574	0.189932	0.510864	0.003532	0.400536
399.040344	0.456954	0.352467	0.203539	399.040344	0.346121	0.567786	0.191273	0.513662	0.003502	0.403576
400.631348	0.45864	0.354036	0.204745	400.631348	0.34761	0.56967	0.191632	0.516441	0.003439	0.406051
402.222351	0.461229	0.355397	0.205914	402.222351	0.34925	0.573208	0.192871	0.517922	0.003383	0.408446
403.813385	0.462793	0.356914	0.207191	403.813385	0.35076	0.574827	0.193454	0.520374	0.003353	0.411029
405.404388	0.464948	0.358683	0.208191	405.404388	0.352301	0.577595	0.194718	0.522648	0.003337	0.413046
406.995422	0.466403	0.359962	0.209012	406.995422	0.353124	0.579682	0.195426	0.524499	0.003352	0.414671
408.586487	0.469179	0.361629	0.210219	408.586487	0.355777	0.582582	0.196099	0.52716	0.003318	0.41712
410.177551	0.471645	0.363507	0.211724	410.177551	0.358072	0.585218	0.197594	0.52942	0.003382	0.420067
411.768616	0.473922	0.365567	0.21299	411.768616	0.35995	0.587895	0.19859	0.532544	0.003279	0.422702
413.35968	0.475774	0.367133	0.214345	413.35968	0.361532	0.590017	0.199648	0.534619	0.003257	0.425434
414.950745	0.478529	0.369436	0.215714	414.950745	0.363518	0.59354	0.201062	0.537811	0.003261	0.428168
416.54184	0.480682	0.371129	0.216162	416.54184	0.36515	0.596214	0.201888	0.54037	0.003284	0.429039
418.132904	0.482705	0.372738	0.217926	418.132904	0.367146	0.598264	0.202675	0.542801	0.003257	0.432596
419.72403	0.48479	0.374631	0.218712	419.72403	0.368991	0.600589	0.203834	0.545428	0.003207	0.434217
421.315125	0.487351	0.376444	0.220311	421.315125	0.37117	0.603532	0.204533	0.548356	0.003168	0.437454
422.90625	0.489008	0.377686	0.2212	422.90625	0.372152	0.605864	0.205186	0.550185	0.003212	0.439188
424.497375	0.491307	0.379172	0.222592	424.497375	0.373983	0.608631	0.20639	0.551954	0.003182	0.442001
426.088531	0.49251	0.381011	0.223414	426.088531	0.374975	0.610044	0.207455	0.554566	0.003157	0.443671
427.679626	0.494286	0.381965	0.223751	427.679626	0.376329	0.612242	0.207923	0.556008	0.003163	0.444338
429.270813	0.495848	0.383305	0.225329	429.270813	0.378085	0.61361	0.208752	0.557858	0.003112	0.447546
430.861908	0.498953	0.385529	0.226745	430.861908	0.380219	0.617687	0.209777	0.561281	0.003108	0.450382
432.453064	0.501103	0.387303	0.228194	432.453064	0.381982	0.620224	0.21074	0.563866	0.003102	0.453286
434.04425	0.503182	0.388398	0.229226	434.04425	0.383826	0.622539	0.21141	0.565386	0.003109	0.455344
435.635345	0.504745	0.389614	0.229966	435.635345	0.385426	0.624064	0.212006	0.567223	0.003088	0.456843
437.226501	0.506488	0.39193	0.231507	437.226501	0.386149	0.626827	0.21315	0.570711	0.003073	0.45994
438.817688	0.508664	0.393123	0.233079	438.817688	0.387925	0.629403	0.213505	0.572741	0.003074	0.463085
440.408844	0.510837	0.394579	0.23388	440.408844	0.389579	0.632095	0.21427	0.574888	0.003051	0.464708
442.000061	0.511875	0.395911	0.234732	442.000061	0.390151	0.633599	0.215018	0.576805	0.002998	0.466466
443.591217	0.512862	0.39606	0.235564	443.591217	0.391181	0.634543	0.214829	0.577292	0.003012	0.468116
445.182373	0.514926	0.397802	0.237135	445.182373	0.392752	0.6371	0.215923	0.579682	0.003034	0.471237
446.773529	0.517165	0.399285	0.238074	446.773529	0.39465	0.639681	0.216767	0.581804	0.003057	0.473091
448.364685	0.519133	0.400465	0.239532	448.364685	0.396226	0.64204	0.216903	0.584027	0.002968	0.476095
449.955902	0.520799	0.401978	0.240792	449.955902	0.396952	0.644645	0.217336	0.586619	0.00296	0.478623
451.547058	0.52159	0.402841	0.241786	451.547058	0.397254	0.645926	0.217351	0.58833	0.002924	0.480648
453.138245	0.523333	0.404187	0.242652	453.138245	0.398799	0.647866	0.218149	0.590225	0.002933	0.48237
454.729431	0.524193	0.405042	0.24318	454.729431	0.399531	0.648855	0.218728	0.591355	0.002891	0.483469
456.320618	0.524877	0.405667	0.243924	456.320618	0.39987	0.649885	0.218778	0.592556	0.002901	0.484947
457.911774	0.527024	0.407066	0.245455	457.911774	0.401396	0.652653	0.218928	0.595203	0.002855	0.488055
459.502991	0.528264	0.408742	0.246601	459.502991	0.401869	0.654659	0.219906	0.597578	0.002856	0.490346
461.094147	0.529088	0.408688	0.247667	461.094147	0.402177	0.655999	0.219456	0.597919	0.002775	0.492558
462.685303	0.530885	0.410364	0.24896	462.685303	0.403768	0.658003	0.220063	0.600666	0.002775	0.495145
464.276459	0.532666	0.411564	0.250108	464.276459	0.404802	0.66053	0.220259	0.602869	0.002779	0.497436
465.867676	0.533547	0.411344	0.250996	465.867676	0.405307	0.661786	0.219827	0.60286	0.002728	0.499265
467.458832	0.534071	0.413189	0.252253	467.458832	0.405615	0.662527	0.220646	0.605733	0.002703	0.501804
469.049988	0.537305	0.41452	0.253848	469.049988	0.407957	0.666654	0.220879	0.60816	0.002696	0.505
470.641174	0.537683	0.414975	0.254179	470.641174	0.407656	0.66771	0.220376	0.609574	0.002706	0.505652
472.23233	0.538527	0.416831	0.255979	472.23233	0.408116	0.668937	0.221106	0.612555	0.002674	0.509284
473.823486	0.538909	0.417611	0.256948	473.823486	0.408701	0.669116	0.221092	0.614131	0.002641	0.511255
475.414642	0.539825	0.417712	0.258147	475.414642	0.408953	0.670698	0.22099	0.614434	0.002622	0.513672
477.005768	0.540902	0.418397	0.258736	477.005768	0.409212	0.672591	0.220988	0.615806	0.002614	0.514859
478.596924	0.542038	0.419785	0.260025	478.596924	0.409833	0.674242	0.221481	0.61809	0.002602	0.517448
480.18808	0.543115	0.420372	0.261744	480.18808	0.410318	0.675912	0.220954	0.619789	0.002581	0.520906
481.779205	0.544238	0.421155	0.262593	481.779205	0.41094	0.677536	0.220859	0.621452	0.002577	0.522609
483.3703	0.545062	0.422166	0.263844	483.3703	0.410954	0.679171	0.220903	0.623429	0.002517	0.525171
484.961487	0.547188	0.422982	0.264763	484.961487	0.411961	0.682415	0.220419	0.625546	0.002498	0.527028
486.552582	0.546479	0.422984	0.265431	486.552582	0.411471	0.681487	0.220288	0.625681	0.002466	0.528397
488.143707	0.546653	0.423697	0.266626	488.143707	0.410925	0.68238	0.219502	0.627891	0.002448	0.530803
489.734802	0.547515	0.425002	0.268077	489.734802	0.411562	0.683468	0.21996	0.630043	0.00249	0.533663
491.325867	0.547996	0.425778	0.268765	491.325867	0.411115	0.684878	0.21984	0.631717	0.002458	0.535072
492.916992	0.549703	0.426481	0.271077	492.916992	0.412598	0.686809	0.219541	0.633421	0.002457	0.539697
494.508057	0.55109	0.426643	0.271593	494.508057	0.413173	0.689006	0.218886	0.6344	0.002472	0.540713
496.099182	0.551289	0.427488	0.272472	496.099182	0.412566	0.690012	0.218693	0.636284	0.002438	0.542506
497.690247	0.550755	0.427	0.273139	497.690247	0.412012	0.689499	0.218174	0.635825	0.002427	0.543851
499.281311	0.551724	0.427631	0.274179	499.281311	0.412624	0.690824	0.21766	0.637602	0.002447	0.545911
500.872314	0.553118	0.428898	0.276018	500.872314	0.413268	0.692967	0.217327	0.640468	0.002401	0.549635
502.463379	0.553103	0.428639	0.276005	502.463379	0.412214	0.693991	0.217066	0.640212	0.002407	0.549604
504.054382	0.552483	0.428798	0.276878	504.054382	0.411518	0.693448	0.216105	0.641491	0.002429	0.551327
505.645416	0.553255	0.430443	0.27856	505.645416	0.411044	0.695465	0.216303	0.644584	0.00239	0.55473
507.23642	0.554123	0.430707	0.278943	507.23642	0.411771	0.696476	0.215958	0.645455	0.002401	0.555486
508.827454	0.555996	0.430902	0.281119	508.827454	0.412522	0.69947	0.215315	0.646489	0.002383	0.559856
510.418457	0.557623	0.432068	0.283127	510.418457	0.413244	0.702002	0.21509	0.649046	0.002419	0.563836
512.009399	0.555769	0.432644	0.283584	512.009399	0.411322	0.700216	0.214807	0.65048	0.002376	0.564792
513.600403	0.555414	0.432473	0.284113	513.600403	0.410504	0.700324	0.213824	0.651122	0.002337	0.565889
515.191345	0.555153	0.433869	0.284509	515.191345	0.410052	0.700255	0.213729	0.654008	0.00236	0.566658
516.782288	0.555518	0.434209	0.285729	516.782288	0.409588	0.701447	0.213055	0.655362	0.002388	0.56907
518.37323	0.555438	0.433883	0.286762	518.37323	0.408891	0.701985	0.212097	0.655668	0.002362	0.571162
519.964172	0.555701	0.433727	0.287684	519.964172	0.408572	0.70283	0.21114	0.656313	0.002368	0.573
521.555054	0.556647	0.435339	0.289493	521.555054	0.408842	0.704452	0.211155	0.659523	0.00237	0.576615
523.145935	0.556753	0.436088	0.289922	523.145935	0.408258	0.705248	0.210782	0.661393	0.002393	0.577451
524.736877	0.557777	0.437443	0.291233	524.736877	0.40849	0.707065	0.210652	0.664235	0.002378	0.580089
526.327759	0.557546	0.438859	0.292187	526.327759	0.407627	0.707464	0.210206	0.667512	0.002415	0.58196
527.918579	0.557953	0.439096	0.29282	527.918579	0.407173	0.708733	0.209538	0.668655	0.002423	0.583217
529.509399	0.557906	0.438822	0.294369	529.509399	0.406306	0.709507	0.208824	0.668821	0.002411	0.586328
531.10022	0.558437	0.437652	0.2958	531.10022	0.406221	0.710653	0.207033	0.668271	0.002421	0.589179
532.69104	0.558774	0.436067	0.296959	532.69104	0.405914	0.711634	0.205503	0.66663	0.002432	0.591486
534.28186	0.560058	0.435324	0.298632	534.28186	0.406208	0.713909	0.204151	0.666496	0.002422	0.594841
535.872681	0.560146	0.436762	0.299622	535.872681	0.405547	0.714746	0.203949	0.669574	0.002479	0.596765
537.463379	0.558627	0.437543	0.299771	537.463379	0.403745	0.713509	0.203466	0.67162	0.002459	0.597084
539.054138	0.559187	0.438286	0.30005	539.054138	0.402974	0.7154	0.203173	0.673398	0.002466	0.597634
540.644897	0.560314	0.437885	0.302149	540.644897	0.403526	0.717102	0.2018	0.67397	0.002489	0.601808
542.235596	0.561239	0.439002	0.303667	542.235596	0.403503	0.718975	0.201386	0.676619	0.002521	0.604813
543.826294	0.560045	0.439293	0.303559	543.826294	0.402174	0.717916	0.200783	0.677802	0.002532	0.604587
545.416992	0.560649	0.439737	0.304738	545.416992	0.40145	0.719847	0.2003	0.679175	0.002539	0.606936
547.00769	0.560726	0.43956	0.306584	547.00769	0.401014	0.720437	0.198791	0.68033	0.002571	0.610596
548.598267	0.558796	0.439269	0.306864	548.598267	0.398657	0.718935	0.197616	0.680921	0.002593	0.611136
550.188904	0.560954	0.44028	0.309242	550.188904	0.399684	0.722225	0.197376	0.683183	0.002623	0.615861
551.779541	0.560612	0.440035	0.310108	551.779541	0.398561	0.722663	0.196224	0.683846	0.002636	0.61758
553.370117	0.5595	0.43957	0.310769	553.370117	0.397056	0.721943	0.194871	0.68427	0.002687	0.618852
554.960693	0.561474	0.440361	0.31198	554.960693	0.397423	0.725524	0.194152	0.68657	0.002697	0.621263
556.55127	0.560379	0.440382	0.312092	556.55127	0.396011	0.724747	0.193096	0.687668	0.002711	0.621474
558.141785	0.560583	0.441507	0.312586	558.141785	0.395386	0.725781	0.192929	0.690086	0.002743	0.622428
559.7323	0.560784	0.440843	0.313864	559.7323	0.39476	0.726809	0.191904	0.689782	0.002814	0.624915
561.322815	0.559825	0.44024	0.314766	561.322815	0.393248	0.726403	0.190391	0.690088	0.002843	0.626689
562.913269	0.55885	0.439996	0.316099	562.913269	0.39201	0.72569	0.189309	0.690683	0.002852	0.629345
564.503723	0.559109	0.441568	0.317334	564.503723	0.391076	0.727142	0.188946	0.694191	0.002888	0.631781
566.094116	0.559651	0.440749	0.318157	566.094116	0.390443	0.728859	0.187219	0.694278	0.002932	0.633383
567.68457	0.558408	0.439705	0.318859	567.68457	0.388494	0.728321	0.185708	0.693702	0.002968	0.634751
569.274963	0.557923	0.439805	0.319914	569.274963	0.387558	0.728287	0.184799	0.694811	0.003015	0.636813
570.865295	0.557916	0.440824	0.321601	570.865295	0.386308	0.729523	0.18422	0.697429	0.003068	0.640135
572.455688	0.558226	0.441443	0.32295	572.455688	0.386051	0.730401	0.183527	0.699359	0.003115	0.642785
574.045959	0.558917	0.441283	0.324027	574.045959	0.385425	0.732409	0.182109	0.700456	0.003163	0.644891
575.636292	0.558638	0.440538	0.324423	575.636292	0.384625	0.732651	0.180905	0.700171	0.003217	0.645629
577.226501	0.557553	0.441179	0.325144	577.226501	0.38288	0.732227	0.180146	0.702212	0.003272	0.647015
578.816772	0.557088	0.440266	0.325809	578.816772	0.381548	0.732629	0.178635	0.701897	0.00332	0.648298
580.406982	0.556492	0.440192	0.326978	580.406982	0.380242	0.732742	0.177353	0.70303	0.003385	0.65057
581.997192	0.555699	0.439986	0.3281	581.997192	0.379122	0.732275	0.176592	0.703379	0.003401	0.6528
583.587341	0.554889	0.438963	0.328057	583.587341	0.377661	0.732118	0.175127	0.702798	0.003473	0.652642
585.177551	0.554358	0.439955	0.329527	585.177551	0.376127	0.732589	0.17449	0.70542	0.003585	0.655468
586.767639	0.554334	0.440618	0.330612	586.767639	0.375101	0.733568	0.173231	0.708005	0.003645	0.657578
588.357788	0.554017	0.440062	0.331288	588.357788	0.374245	0.733789	0.172203	0.707922	0.003655	0.658921
589.947815	0.553451	0.440833	0.332469	589.947815	0.37322	0.733683	0.171307	0.710359	0.003782	0.661155
591.537842	0.553177	0.440474	0.333288	591.537842	0.37209	0.734264	0.170323	0.710626	0.003829	0.662748
593.127869	0.554134	0.440885	0.334281	593.127869	0.371512	0.736757	0.169513	0.712258	0.00392	0.664642
594.717896	0.552973	0.44108	0.335	594.717896	0.370168	0.735777	0.168503	0.713657	0.003992	0.666008
596.307861	0.55253	0.441123	0.335928	596.307861	0.368822	0.736239	0.167547	0.714699	0.004097	0.667758
597.897766	0.551614	0.439881	0.33673	597.897766	0.367384	0.735845	0.165888	0.713873	0.00416	0.669299
599.487671	0.550685	0.438562	0.337882	599.487671	0.365646	0.735724	0.164243	0.712881	0.004224	0.671541
601.077576	0.550195	0.437517	0.337698	601.077576	0.364247	0.736144	0.162595	0.712438	0.004333	0.671063
602.667419	0.549648	0.438499	0.337721	602.667419	0.363074	0.736221	0.162165	0.714834	0.004404	0.671038
604.257202	0.54976	0.439336	0.339231	604.257202	0.362253	0.737266	0.161626	0.717046	0.004435	0.674028
605.847046	0.5492	0.439593	0.341068	605.847046	0.360733	0.737668	0.160701	0.718485	0.004588	0.677548
607.436829	0.548362	0.439703	0.341944	607.436829	0.359295	0.737429	0.159598	0.719807	0.004689	0.679199
609.02655	0.547164	0.439316	0.342408	609.02655	0.357632	0.736696	0.158501	0.72013	0.004858	0.679959
610.616272	0.545854	0.438823	0.342877	610.616272	0.355979	0.735729	0.157082	0.720564	0.004921	0.680832
612.205933	0.546084	0.439664	0.34478	612.205933	0.355014	0.737155	0.156423	0.722904	0.005015	0.684546
613.795532	0.545882	0.439375	0.345499	613.795532	0.354126	0.737638	0.155088	0.723662	0.005104	0.685894
615.385193	0.544319	0.438302	0.34549	615.385193	0.352247	0.736391	0.153673	0.722931	0.005229	0.685751
616.974731	0.542939	0.439511	0.346683	616.974731	0.35007	0.735807	0.153052	0.72597	0.005354	0.688011
618.564331	0.54208	0.438831	0.347695	618.564331	0.348635	0.735526	0.152019	0.725643	0.005464	0.689926
620.15387	0.541737	0.438021	0.347995	620.15387	0.347453	0.736021	0.150718	0.725323	0.005564	0.690427
621.743347	0.541198	0.437678	0.348908	621.743347	0.346038	0.736359	0.14987	0.725486	0.005687	0.692128
623.332825	0.539249	0.436602	0.349584	623.332825	0.343898	0.734601	0.148335	0.724869	0.005812	0.693356
624.922241	0.539393	0.436642	0.349395	624.922241	0.342867	0.735919	0.147608	0.725677	0.005993	0.692798
626.511597	0.537102	0.436039	0.349637	626.511597	0.34083	0.733375	0.146147	0.72593	0.006051	0.693224
628.100952	0.536835	0.436189	0.350497	628.100952	0.339528	0.734141	0.14503	0.727347	0.006202	0.694791
629.690308	0.5365	0.436235	0.352123	629.690308	0.338161	0.73484	0.144033	0.728437	0.006271	0.697974
631.279602	0.536434	0.435444	0.353416	631.279602	0.337584	0.735284	0.143077	0.727811	0.006495	0.700337
632.868835	0.535292	0.434618	0.35347	632.868835	0.335839	0.734746	0.141647	0.727588	0.006625	0.700316
634.458069	0.53384	0.434388	0.354373	634.458069	0.334097	0.733584	0.140576	0.728199	0.006785	0.701962
636.047241	0.532393	0.434321	0.356012	636.047241	0.332165	0.732621	0.139606	0.729036	0.006944	0.70508
637.636353	0.531116	0.434611	0.356558	637.636353	0.330243	0.73199	0.138621	0.730601	0.00709	0.706027
639.225464	0.532007	0.435967	0.357409	639.225464	0.330125	0.733889	0.138226	0.733709	0.007215	0.707602
640.814575	0.531131	0.434293	0.357376	640.814575	0.328496	0.733766	0.136535	0.73205	0.007472	0.707281
642.403625	0.53029	0.433659	0.357628	642.403625	0.327019	0.733561	0.13512	0.732198	0.007529	0.707727
643.992615	0.528775	0.433347	0.357229	643.992615	0.325001	0.73255	0.134477	0.732218	0.007622	0.706835
645.581604	0.529408	0.432962	0.358952	645.581604	0.324805	0.73401	0.133254	0.732671	0.007874	0.71003
647.170532	0.528638	0.431871	0.360155	647.170532	0.322849	0.734426	0.132112	0.731631	0.008035	0.712274
648.759399	0.527456	0.431726	0.359876	648.759399	0.321319	0.733593	0.131344	0.732109	0.008141	0.711612
650.348267	0.524984	0.430066	0.359483	650.348267	0.318896	0.731071	0.130019	0.730112	0.008317	0.71065
651.937134	0.524565	0.4313	0.360087	651.937134	0.317863	0.731266	0.129312	0.733288	0.008489	0.711686
653.525879	0.524283	0.432083	0.362413	653.525879	0.316163	0.732404	0.128572	0.735595	0.008771	0.716055
655.114624	0.520124	0.43049	0.363988	655.114624	0.312335	0.727913	0.126958	0.734022	0.009095	0.718881
656.703308	0.517871	0.428437	0.361665	656.703308	0.310746	0.724996	0.125901	0.730973	0.009132	0.714197
658.291992	0.518978	0.426226	0.360451	658.291992	0.310983	0.726973	0.124515	0.727938	0.009184	0.711719
659.880615	0.518833	0.427088	0.361835	659.880615	0.309988	0.727677	0.123563	0.730612	0.009388	0.714282
661.469177	0.51704	0.425918	0.362476	661.469177	0.307575	0.726505	0.122413	0.729423	0.009669	0.715284
663.057739	0.51641	0.425248	0.364037	663.057739	0.306141	0.726679	0.121351	0.729144	0.009801	0.718273
664.64624	0.515399	0.42728	0.365252	664.64624	0.304443	0.726355	0.120915	0.733645	0.009954	0.720549
666.234741	0.513576	0.426839	0.365398	666.234741	0.302978	0.724173	0.119823	0.733856	0.010174	0.720622
667.82312	0.511593	0.426751	0.365341	667.82312	0.300635	0.72255	0.119029	0.734474	0.010324	0.720359
669.411499	0.511894	0.426686	0.366853	669.411499	0.299971	0.723817	0.118309	0.735062	0.010605	0.723102
670.999878	0.511251	0.42656	0.368356	670.999878	0.298796	0.723705	0.117624	0.735497	0.010851	0.725862
672.588135	0.509804	0.426681	0.368714	672.588135	0.296906	0.722703	0.11666	0.736702	0.010984	0.726445
674.176392	0.507425	0.426718	0.368023	674.176392	0.294908	0.719942	0.11583	0.737605	0.011188	0.724859
675.764587	0.507438	0.426036	0.367607	675.764587	0.293745	0.721132	0.115117	0.736955	0.011365	0.723849
677.352783	0.506151	0.423845	0.366717	677.352783	0.292089	0.720214	0.113572	0.734117	0.011569	0.721865
678.940918	0.50437	0.422518	0.367262	678.940918	0.290754	0.717987	0.112605	0.732432	0.011737	0.722787
680.528992	0.503943	0.422231	0.367883	680.528992	0.289248	0.718639	0.111725	0.732737	0.011911	0.723855
682.117065	0.503919	0.421497	0.367045	682.117065	0.288966	0.718872	0.1108	0.732195	0.012035	0.722054
683.705017	0.503478	0.421904	0.368342	683.705017	0.287727	0.719229	0.110195	0.733613	0.012308	0.724376
685.292969	0.501365	0.421148	0.368712	685.292969	0.285536	0.717194	0.109122	0.733175	0.01246	0.724965
686.88092	0.499433	0.420088	0.369342	686.88092	0.283614	0.715252	0.108305	0.731872	0.012706	0.725977
688.46875	0.500415	0.419117	0.370036	688.46875	0.283046	0.717785	0.107242	0.730991	0.012924	0.727148
690.056519	0.500424	0.421015	0.370911	690.056519	0.282586	0.718262	0.107168	0.734863	0.013165	0.728658
691.644348	0.499566	0.421728	0.371761	691.644348	0.280958	0.718173	0.106352	0.737105	0.013435	0.730087
693.232056	0.497644	0.420221	0.370546	693.232056	0.278964	0.716324	0.105319	0.735124	0.01357	0.727521
694.819702	0.495268	0.417926	0.370117	694.819702	0.276858	0.713678	0.104255	0.731598	0.013852	0.726383
696.407349	0.492904	0.416638	0.37031	696.407349	0.274887	0.710921	0.103061	0.730215	0.014022	0.726598
697.994934	0.492384	0.416588	0.371745	697.994934	0.273653	0.711115	0.102364	0.730811	0.014255	0.729235
699.582458	0.491856	0.41605	0.371823	699.582458	0.272499	0.711213	0.101213	0.730888	0.014413	0.729234
701.169983	0.491252	0.41569	0.372751	701.169983	0.271426	0.711077	0.100302	0.731078	0.014798	0.730704
702.757446	0.489456	0.414007	0.372702	702.757446	0.269651	0.709261	0.099784	0.728231	0.014998	0.730406
704.344849	0.486767	0.413581	0.370645	704.344849	0.267243	0.706291	0.098613	0.72855	0.015222	0.726069
705.932129	0.485908	0.412815	0.371025	705.932129	0.266214	0.705603	0.098055	0.727575	0.015455	0.726594
707.519409	0.486352	0.413156	0.372781	707.519409	0.266016	0.706688	0.097279	0.729033	0.015691	0.729871
709.106689	0.485076	0.412985	0.373743	709.106689	0.264854	0.705299	0.096792	0.729178	0.015899	0.731588
710.693909	0.483089	0.412416	0.374543	710.693909	0.262083	0.704096	0.095842	0.72899	0.016068	0.733017
712.281067	0.482195	0.411775	0.373712	712.281067	0.261372	0.703017	0.094919	0.728631	0.016328	0.731097
713.868103	0.480616	0.410678	0.374975	713.868103	0.259719	0.701513	0.094037	0.72732	0.016611	0.733339
715.4552	0.479856	0.409517	0.374504	715.4552	0.258441	0.70127	0.092951	0.726084	0.016843	0.732164
717.042175	0.478525	0.408014	0.372686	717.042175	0.256866	0.700184	0.092264	0.723763	0.016975	0.728398
718.629089	0.475794	0.406515	0.372384	718.629089	0.255093	0.696495	0.09154	0.72149	0.017113	0.727654
720.216003	0.475805	0.40746	0.373215	720.216003	0.254348	0.697263	0.090888	0.724032	0.017291	0.72914
721.802856	0.475882	0.406898	0.374018	721.802856	0.253984	0.697781	0.090238	0.723559	0.017639	0.730396
723.389648	0.473588	0.405322	0.374061	723.389648	0.2517	0.695476	0.089294	0.721351	0.017888	0.730234
724.976379	0.472031	0.405153	0.374771	724.976379	0.249985	0.694078	0.088484	0.721822	0.018157	0.731384
726.56311	0.469648	0.402979	0.372924	726.56311	0.248194	0.691103	0.087856	0.718103	0.018164	0.727684
728.149719	0.468353	0.402005	0.372498	728.149719	0.24694	0.689767	0.086676	0.717335	0.018409	0.726587
729.736267	0.466656	0.400788	0.371162	729.736267	0.245341	0.687972	0.085853	0.715723	0.018519	0.723806
731.322815	0.467613	0.40138	0.371198	731.322815	0.245238	0.689988	0.085688	0.717073	0.018779	0.723618
732.909302	0.464809	0.399613	0.371	732.909302	0.243227	0.68639	0.084636	0.714591	0.019097	0.722903
734.495728	0.464265	0.401656	0.372458	734.495728	0.242333	0.686197	0.084676	0.718635	0.019356	0.72556
736.082092	0.462793	0.401784	0.373201	736.082092	0.240988	0.684599	0.084206	0.719362	0.019624	0.726778
737.668335	0.462059	0.402476	0.374106	737.668335	0.239814	0.684304	0.08379	0.721161	0.019808	0.728404
739.254639	0.46079	0.400362	0.374016	739.254639	0.238319	0.68326	0.082882	0.717841	0.020137	0.727896
740.84082	0.459516	0.398976	0.372778	740.84082	0.237134	0.681898	0.081735	0.716217	0.020351	0.725205
742.426941	0.459862	0.399551	0.374017	742.426941	0.236933	0.682791	0.081533	0.717569	0.020372	0.727663
744.013062	0.458682	0.398282	0.373273	744.013062	0.235433	0.681932	0.081112	0.715453	0.020725	0.725821
745.59906	0.457625	0.398579	0.375055	745.59906	0.234206	0.681043	0.080566	0.716591	0.021116	0.728994
747.185059	0.456109	0.398023	0.375288	747.185059	0.232881	0.679338	0.079808	0.716239	0.02126	0.729316
748.770996	0.454007	0.396252	0.375104	748.770996	0.231483	0.676531	0.079047	0.713457	0.021482	0.728727
750.356812	0.455859	0.398086	0.377845	750.356812	0.231697	0.68002	0.078752	0.71742	0.021974	0.733716
751.942688	0.452081	0.39354	0.37394	751.942688	0.2291	0.675062	0.077405	0.709675	0.021947	0.725934
753.528442	0.454981	0.396921	0.379702	753.528442	0.230204	0.679757	0.077597	0.716246	0.022517	0.736887
755.114136	0.451856	0.393427	0.375876	755.114136	0.227658	0.676054	0.076362	0.710492	0.022457	0.729295
756.699707	0.449103	0.39292	0.375084	756.699707	0.225998	0.672208	0.075508	0.710332	0.022482	0.727685
758.285278	0.455683	0.400575	0.382557	758.285278	0.228886	0.682481	0.076822	0.724328	0.023299	0.741814
759.870789	0.447017	0.391193	0.372627	759.870789	0.223494	0.67054	0.074405	0.70798	0.022863	0.72239
761.456238	0.446285	0.393498	0.374752	761.456238	0.223222	0.669349	0.074576	0.71242	0.023371	0.726134
763.041626	0.447628	0.395437	0.376882	763.041626	0.222618	0.672637	0.074331	0.716543	0.023666	0.730097
764.627014	0.438601	0.386362	0.367053	764.627014	0.217934	0.659269	0.07237	0.700354	0.023329	0.710778
766.21228	0.447155	0.396266	0.377732	766.21228	0.221752	0.672558	0.073863	0.718669	0.024191	0.731272
767.797485	0.443164	0.392693	0.372773	767.797485	0.218793	0.667535	0.072435	0.712951	0.024302	0.721244
769.382629	0.434835	0.384494	0.36792	769.382629	0.214052	0.655617	0.071277	0.69771	0.023916	0.711923
770.967712	0.44829	0.398101	0.384749	770.967712	0.220095	0.676485	0.072629	0.723574	0.02519	0.744308
772.552734	0.443544	0.390594	0.377137	772.552734	0.217661	0.669428	0.07092	0.710267	0.025026	0.729248
774.137695	0.432512	0.381673	0.369366	774.137695	0.211689	0.653336	0.069312	0.694034	0.024694	0.714038
775.722595	0.44333	0.393978	0.383974	775.722595	0.216394	0.670265	0.071238	0.716718	0.026044	0.741904
777.307495	0.44214	0.390126	0.378416	777.307495	0.215203	0.669077	0.069968	0.710285	0.02575	0.731082
778.892212	0.432362	0.380285	0.368662	778.892212	0.210057	0.654666	0.067817	0.692753	0.025402	0.711923
780.476929	0.440974	0.392237	0.380355	780.476929	0.213559	0.668389	0.069418	0.715057	0.02652	0.73419
782.061646	0.441542	0.392727	0.380565	782.061646	0.213368	0.669715	0.069228	0.716226	0.026773	0.734356
783.646179	0.427172	0.379197	0.365705	783.646179	0.205624	0.64872	0.066402	0.691993	0.026001	0.70541
785.230713	0.431127	0.383819	0.373151	785.230713	0.20716	0.655094	0.066675	0.700962	0.026577	0.719725
786.815186	0.440057	0.393984	0.38525	786.815186	0.211386	0.668729	0.067974	0.719993	0.027842	0.742658
788.399597	0.429331	0.381357	0.372544	788.399597	0.205144	0.653517	0.065645	0.697069	0.027059	0.718029
789.983948	0.422827	0.375296	0.367128	789.983948	0.201831	0.643823	0.064282	0.68631	0.026894	0.707362
791.568237	0.433195	0.387203	0.380262	791.568237	0.206374	0.660016	0.066073	0.708332	0.028309	0.732215
793.152405	0.434739	0.390586	0.383623	793.152405	0.206227	0.663251	0.06589	0.715282	0.028508	0.738738
794.736511	0.423237	0.378678	0.369454	794.736511	0.200642	0.645832	0.0638	0.693557	0.027629	0.711279
796.320618	0.420968	0.376804	0.368462	796.320618	0.199329	0.642607	0.063242	0.690366	0.02787	0.709055
797.904663	0.429765	0.387058	0.38032	797.904663	0.202807	0.656723	0.06468	0.709436	0.028983	0.731656
799.488586	0.427168	0.384254	0.376918	799.488586	0.200676	0.653661	0.064121	0.704387	0.028979	0.724858
801.072388	0.416864	0.372428	0.367007	801.072388	0.195407	0.63832	0.061766	0.68309	0.028516	0.705498
802.65625	0.418889	0.37562	0.371192	802.65625	0.195921	0.641857	0.061995	0.689246	0.028819	0.713566
804.23999	0.426333	0.382956	0.380565	804.23999	0.19934	0.653325	0.062632	0.703279	0.030009	0.731121
805.823608	0.425485	0.382497	0.380158	805.823608	0.198207	0.652763	0.062264	0.702729	0.030286	0.730029
807.407227	0.417282	0.375875	0.372498	807.407227	0.19418	0.640384	0.060938	0.690812	0.029677	0.715319
808.990784	0.415699	0.376413	0.371646	808.990784	0.192869	0.638529	0.060393	0.692433	0.030023	0.713268
810.574219	0.41996	0.382777	0.378488	810.574219	0.194559	0.645361	0.060813	0.704741	0.030894	0.726083
812.157593	0.418297	0.38114	0.375595	812.157593	0.193073	0.643522	0.060573	0.701708	0.030785	0.720405
813.740967	0.412915	0.375288	0.369269	813.740967	0.190296	0.635535	0.059481	0.691094	0.03049	0.708048
815.324219	0.412442	0.376489	0.37217	815.324219	0.189223	0.635662	0.059333	0.693644	0.031027	0.713314
816.907349	0.416391	0.380613	0.378134	816.907349	0.191209	0.641573	0.059858	0.701367	0.031835	0.724433
818.49054	0.417576	0.381162	0.378685	818.49054	0.191363	0.64379	0.059843	0.70248	0.032031	0.725339
820.073547	0.414331	0.37642	0.37464	820.073547	0.189325	0.639338	0.058848	0.693991	0.031996	0.717283
821.656555	0.410663	0.373737	0.372159	821.656555	0.18687	0.634457	0.057954	0.68952	0.03194	0.712379
823.239441	0.413566	0.374873	0.375824	823.239441	0.187814	0.639319	0.057549	0.692198	0.032692	0.718956
824.822266	0.415166	0.376583	0.377495	824.822266	0.187839	0.642493	0.057556	0.69561	0.03279	0.722199
826.404968	0.411683	0.377339	0.376806	826.404968	0.186288	0.637078	0.057431	0.697247	0.033165	0.720447
827.987671	0.408509	0.375828	0.376234	827.987671	0.184397	0.632621	0.057197	0.69446	0.033361	0.719107
829.570313	0.407412	0.375774	0.376002	829.570313	0.184042	0.630783	0.056792	0.694756	0.033381	0.718623
831.152832	0.409463	0.378292	0.380584	831.152832	0.184324	0.634603	0.056823	0.69976	0.033944	0.727225
832.735352	0.409117	0.377225	0.381082	832.735352	0.183195	0.63504	0.056346	0.698103	0.034267	0.727898
834.317688	0.407712	0.376842	0.379445	834.317688	0.18222	0.633205	0.056217	0.697467	0.034348	0.724541
835.900024	0.406633	0.376963	0.379366	835.900024	0.181117	0.632149	0.05592	0.698007	0.034411	0.724321
837.4823	0.406908	0.377186	0.379941	837.4823	0.181409	0.632407	0.055829	0.698542	0.03461	0.725271
839.064453	0.404238	0.373392	0.376899	839.064453	0.179671	0.628806	0.054568	0.692217	0.035024	0.718774
840.646606	0.40079	0.370449	0.375289	840.646606	0.177308	0.624273	0.05378	0.687117	0.035049	0.715529
842.228638	0.401451	0.36959	0.374811	842.228638	0.177347	0.625554	0.053543	0.685637	0.035157	0.714465
843.810547	0.400874	0.368238	0.375307	843.810547	0.176585	0.625162	0.05306	0.683417	0.035027	0.715586
845.392395	0.399468	0.367336	0.37341	845.392395	0.176081	0.622855	0.053096	0.681576	0.035553	0.711267
846.974243	0.401438	0.370349	0.376527	846.974243	0.176099	0.626777	0.053181	0.687517	0.036155	0.7169
848.555847	0.399966	0.368272	0.373829	848.555847	0.174808	0.625124	0.05263	0.683914	0.036184	0.711473
850.137512	0.398683	0.368857	0.374885	850.137512	0.173863	0.623503	0.052495	0.685219	0.036438	0.713331
851.719116	0.395965	0.368441	0.375766	851.719116	0.172059	0.619872	0.052293	0.68459	0.036629	0.714902
853.300598	0.394083	0.367986	0.374896	853.300598	0.171745	0.616421	0.051882	0.68409	0.036981	0.712811
854.882019	0.391788	0.364237	0.373991	854.882019	0.169869	0.613708	0.051128	0.677346	0.036665	0.711317
856.463379	0.393451	0.368326	0.375742	856.463379	0.17005	0.616853	0.051325	0.685326	0.037045	0.714439
858.044617	0.393901	0.368518	0.376822	858.044617	0.169999	0.617802	0.051266	0.68577	0.03763	0.716014
859.625793	0.391895	0.364352	0.37445	859.625793	0.168416	0.615373	0.051165	0.677539	0.037546	0.711353
861.206848	0.393991	0.365681	0.379169	861.206848	0.169678	0.618304	0.050272	0.68109	0.038312	0.720027
862.787903	0.390626	0.361327	0.37478	862.787903	0.16769	0.613563	0.049446	0.673208	0.037999	0.711561
864.368835	0.390679	0.362469	0.375442	864.368835	0.167327	0.614031	0.049533	0.675404	0.038461	0.712424
865.949707	0.392747	0.36248	0.377617	865.949707	0.168179	0.617314	0.049234	0.675725	0.038856	0.716378
867.530457	0.389789	0.360045	0.376112	867.530457	0.166499	0.61308	0.048756	0.671333	0.038823	0.713401
869.111145	0.391269	0.362258	0.379007	869.111145	0.166713	0.615826	0.048679	0.675836	0.039366	0.718648
870.691772	0.386466	0.358942	0.374735	870.691772	0.164431	0.6085	0.048386	0.669499	0.03914	0.710329
872.272339	0.389462	0.363954	0.381911	872.272339	0.164957	0.613967	0.048387	0.67952	0.040332	0.723489
873.852722	0.387979	0.365541	0.379458	873.852722	0.163974	0.611984	0.048459	0.682622	0.04014	0.718775
875.433228	0.379581	0.356207	0.370764	875.433228	0.160336	0.598826	0.047448	0.664965	0.039601	0.701928
877.013489	0.385738	0.36518	0.379034	877.013489	0.162109	0.609367	0.048394	0.681966	0.041101	0.716968
878.593628	0.386131	0.365002	0.379927	878.593628	0.161884	0.610377	0.048029	0.681975	0.041089	0.718765
880.173828	0.381299	0.358128	0.373109	880.173828	0.160179	0.602418	0.047102	0.669153	0.040243	0.705975
881.753784	0.385128	0.361165	0.377069	881.753784	0.161158	0.609097	0.047388	0.674943	0.041102	0.713036
883.333801	0.387563	0.365283	0.381494	883.333801	0.162155	0.61297	0.047255	0.683312	0.041582	0.721406
884.913696	0.378561	0.355998	0.369912	884.913696	0.157849	0.599273	0.046375	0.665622	0.040607	0.699216
886.493469	0.375943	0.354744	0.368221	886.493469	0.15678	0.595107	0.045559	0.663929	0.04084	0.695601
888.073242	0.382784	0.361088	0.377352	888.073242	0.159197	0.606372	0.046118	0.676059	0.0422	0.712505
889.652832	0.38134	0.360641	0.378805	889.652832	0.157989	0.604692	0.045868	0.675415	0.042606	0.715004
891.2323	0.378743	0.356839	0.377906	891.2323	0.156313	0.601174	0.04536	0.668317	0.042569	0.713243
892.811829	0.379103	0.358702	0.380636	892.811829	0.156375	0.601832	0.045394	0.672009	0.043284	0.717989
894.391235	0.381015	0.36035	0.381118	894.391235	0.156651	0.605378	0.045316	0.675385	0.043577	0.718659
895.97052	0.378474	0.358417	0.379622	895.97052	0.155736	0.601213	0.045351	0.671483	0.043324	0.71592
897.549683	0.372049	0.350881	0.371812	897.549683	0.152254	0.591844	0.044513	0.657249	0.042892	0.700733
899.128784	0.369912	0.35034	0.369284	899.128784	0.151147	0.588677	0.043745	0.656934	0.042856	0.695711
900.707825	0.37324	0.354767	0.373998	900.707825	0.152247	0.594232	0.044443	0.665091	0.043417	0.704579
902.286804	0.37743	0.360172	0.37941	902.286804	0.154242	0.600617	0.044863	0.675482	0.044415	0.714404
903.865601	0.376496	0.359156	0.379828	903.865601	0.152976	0.600016	0.044013	0.674299	0.044598	0.715059
905.444458	0.369838	0.350746	0.374077	905.444458	0.150291	0.589384	0.042969	0.658522	0.044015	0.704138
907.023071	0.364169	0.346122	0.368392	907.023071	0.147988	0.580349	0.042313	0.649931	0.043971	0.692813
908.601685	0.365362	0.347488	0.369126	908.601685	0.147664	0.583059	0.042588	0.652387	0.044184	0.694068
910.180176	0.369931	0.353593	0.376869	910.180176	0.149535	0.590326	0.043326	0.66386	0.045363	0.708376
911.758606	0.373368	0.356118	0.380698	911.758606	0.150469	0.596266	0.043255	0.668981	0.046214	0.715183
913.336914	0.374508	0.35607	0.379871	913.336914	0.150702	0.598314	0.043099	0.669041	0.046037	0.713706
914.915161	0.372567	0.356853	0.379322	914.915161	0.149518	0.595617	0.042881	0.670824	0.046022	0.712621
916.493347	0.366569	0.35232	0.376517	916.493347	0.146988	0.586149	0.041982	0.662657	0.045839	0.707196
918.071411	0.36372	0.349583	0.372137	918.071411	0.145463	0.581977	0.041982	0.657185	0.045727	0.698546
919.649292	0.361412	0.345059	0.367678	919.649292	0.143789	0.579035	0.04064	0.649478	0.045168	0.690187
921.227234	0.361504	0.34422	0.367708	921.227234	0.143957	0.579051	0.040809	0.647632	0.045372	0.690044
922.804993	0.362783	0.346616	0.370475	922.804993	0.144169	0.581398	0.040847	0.652386	0.04576	0.69519
924.38269	0.361167	0.345697	0.37133	924.38269	0.143428	0.578906	0.04044	0.650955	0.046601	0.696059
925.960327	0.360622	0.346349	0.371707	925.960327	0.142653	0.57859	0.040459	0.652239	0.046344	0.69707
927.537781	0.361007	0.344462	0.370329	927.537781	0.142859	0.579154	0.040388	0.648535	0.04634	0.694318
929.115234	0.361103	0.347129	0.371636	929.115234	0.142027	0.580179	0.040569	0.653688	0.047654	0.695618
930.692566	0.360127	0.345158	0.372658	930.692566	0.141917	0.578336	0.039753	0.650563	0.047153	0.698162
932.269836	0.359246	0.344256	0.370993	932.269836	0.14076	0.577733	0.039847	0.648664	0.047114	0.694872
933.846985	0.358862	0.343825	0.369277	933.846985	0.141159	0.576565	0.039494	0.648157	0.04752	0.691033
935.424011	0.358971	0.344485	0.372681	935.424011	0.140501	0.577441	0.039594	0.649375	0.047738	0.697624
937.000977	0.356689	0.342255	0.370762	937.000977	0.138468	0.57491	0.038514	0.645996	0.047969	0.693556
938.57782	0.355684	0.342655	0.369112	938.57782	0.138523	0.572845	0.039122	0.646188	0.047806	0.690419
940.154602	0.35697	0.345463	0.372826	940.154602	0.139013	0.574928	0.038659	0.652266	0.048195	0.697457
941.731262	0.357744	0.346741	0.374909	941.731262	0.13905	0.576439	0.038736	0.654745	0.049119	0.700698
943.307922	0.356209	0.345347	0.37429	943.307922	0.137948	0.574469	0.038402	0.652292	0.049146	0.699433
944.884399	0.355264	0.344186	0.374744	944.884399	0.137873	0.572654	0.038099	0.650274	0.04955	0.699938
946.460754	0.354761	0.345513	0.373938	946.460754	0.136894	0.572627	0.038166	0.65286	0.049548	0.698327
948.036987	0.353891	0.343506	0.373338	948.036987	0.136976	0.570806	0.037569	0.649443	0.049803	0.696874
949.613281	0.353385	0.343204	0.371494	949.613281	0.135783	0.570986	0.037722	0.648685	0.049107	0.69388
951.189331	0.351245	0.339095	0.370849	951.189331	0.134815	0.567675	0.037469	0.640721	0.050499	0.691199
952.76532	0.351698	0.339988	0.368836	952.76532	0.134851	0.568546	0.037131	0.642845	0.049727	0.687945
954.341309	0.351749	0.33676	0.369947	954.341309	0.134122	0.569377	0.036589	0.63693	0.050496	0.689398
955.917114	0.35048	0.338743	0.371495	955.917114	0.133616	0.567343	0.036453	0.641032	0.050174	0.692815
957.492798	0.351438	0.337408	0.370028	957.492798	0.133598	0.569278	0.036504	0.638311	0.050786	0.68927
959.068359	0.350186	0.338403	0.370046	959.068359	0.132772	0.567599	0.036264	0.640542	0.050638	0.689454
960.643921	0.350525	0.339803	0.374394	960.643921	0.133068	0.567982	0.035972	0.643634	0.05162	0.697169
962.21936	0.348677	0.338037	0.375025	962.21936	0.131939	0.565414	0.036115	0.639958	0.051689	0.69836
963.794617	0.34864	0.338955	0.374752	963.794617	0.131991	0.565288	0.035438	0.642471	0.051941	0.697562
965.369934	0.347609	0.338324	0.375795	965.369934	0.1306	0.564618	0.035574	0.641074	0.052879	0.698712
966.945007	0.346745	0.339369	0.375788	966.945007	0.12994	0.56355	0.035697	0.643042	0.05271	0.698865
968.52002	0.345796	0.336761	0.37517	968.52002	0.130455	0.561138	0.034794	0.638728	0.053401	0.696938
970.09491	0.345368	0.334542	0.372803	970.09491	0.128966	0.56177	0.034406	0.634678	0.05253	0.693076
971.6698	0.345317	0.334833	0.373734	971.6698	0.129154	0.561479	0.035416	0.63425	0.052616	0.694852
973.244507	0.342197	0.331779	0.369706	973.244507	0.128024	0.556369	0.034111	0.629447	0.052859	0.686553
974.819153	0.343813	0.334044	0.373309	974.819153	0.127569	0.560058	0.034472	0.633616	0.053051	0.693566
976.393677	0.342893	0.335115	0.375215	976.393677	0.127572	0.558215	0.034174	0.636057	0.053866	0.696563
977.968079	0.342473	0.334377	0.376346	977.968079	0.126866	0.55808	0.034656	0.634098	0.054356	0.698336
979.542358	0.341378	0.334256	0.374574	979.542358	0.125707	0.55705	0.034119	0.634393	0.054322	0.694826
981.116577	0.342118	0.335631	0.374989	981.116577	0.126468	0.557768	0.034152	0.637111	0.054773	0.695204
982.690735	0.33954	0.333582	0.374505	982.690735	0.126399	0.55268	0.034229	0.632936	0.054821	0.694189
984.264771	0.339805	0.332657	0.373639	984.264771	0.124865	0.554745	0.033961	0.631353	0.054524	0.692753
985.838684	0.340397	0.333947	0.373494	985.838684	0.124162	0.556631	0.034034	0.633859	0.054492	0.692497
987.412415	0.339645	0.332043	0.374175	987.412415	0.124661	0.55463	0.034192	0.629894	0.054672	0.693678
988.986145	0.33944	0.332286	0.370637	988.986145	0.123594	0.555287	0.033098	0.631473	0.054462	0.686812
990.559753	0.338875	0.331201	0.372119	990.559753	0.123924	0.553826	0.032711	0.629691	0.054933	0.689305
992.133179	0.336482	0.329145	0.370878	992.133179	0.122722	0.550243	0.032539	0.625751	0.055473	0.686283
993.706665	0.335818	0.327619	0.369299	993.706665	0.122807	0.548829	0.032365	0.622873	0.055458	0.68314
995.279907	0.338089	0.329261	0.373227	995.279907	0.122694	0.553484	0.032209	0.626313	0.056075	0.69038
996.853027	0.338244	0.330938	0.37657	996.853027	0.122839	0.553649	0.032722	0.629155	0.056496	0.696644
998.426147	0.337477	0.330281	0.37481	998.426147	0.12128	0.553674	0.032277	0.628285	0.056954	0.692665
999.999146	0.335917	0.328891	0.372436	999.999146	0.121803	0.55003	0.032038	0.625744	0.056492	0.688379
1012.878723	0.319559	0.321504	0.362925	1012.878723	0.11239	0.526728	0.028804	0.614205	0.060429	0.66542
1016.250183	0.322161	0.32493	0.366566	1016.250183	0.112883	0.53144	0.028426	0.621434	0.061579	0.671552
1019.622375	0.321485	0.321759	0.363566	1019.622375	0.112648	0.530322	0.028489	0.615029	0.061471	0.66566
1022.995239	0.319605	0.323403	0.363975	1022.995239	0.111521	0.527689	0.028301	0.618505	0.061783	0.666168
1026.368652	0.318168	0.32078	0.363947	1026.368652	0.11023	0.526106	0.028012	0.613548	0.062323	0.665571
1029.74292	0.316323	0.321608	0.366505	1029.74292	0.109514	0.523131	0.02796	0.615256	0.062979	0.670031
1033.117676	0.314181	0.318784	0.366171	1033.117676	0.108016	0.520345	0.027514	0.610053	0.063241	0.669102
1036.493286	0.312356	0.319401	0.364715	1036.493286	0.107374	0.517338	0.027387	0.611414	0.063814	0.665615
1039.869385	0.312486	0.319471	0.362863	1039.869385	0.106887	0.518085	0.027033	0.611909	0.063927	0.661799
1043.246338	0.312602	0.318583	0.366608	1043.246338	0.106233	0.518971	0.026742	0.610425	0.064408	0.668807
1046.623779	0.311095	0.319083	0.365264	1046.623779	0.105493	0.516696	0.026641	0.611525	0.065021	0.665506
1050.001953	0.311865	0.320266	0.36819	1050.001953	0.105295	0.518434	0.026706	0.613825	0.065488	0.670892
1053.380859	0.309787	0.322253	0.368582	1053.380859	0.104295	0.515279	0.026711	0.617795	0.066118	0.671046
1056.760498	0.308603	0.318229	0.368241	1056.760498	0.103319	0.513887	0.026129	0.61033	0.066315	0.670167
1060.140625	0.307768	0.318462	0.368061	1060.140625	0.102679	0.512858	0.025969	0.610956	0.066636	0.669487
1063.521484	0.304083	0.318585	0.367522	1063.521484	0.100991	0.507175	0.025882	0.611289	0.067025	0.668019
1066.903076	0.306211	0.314589	0.366097	1066.903076	0.101304	0.511119	0.025444	0.603734	0.067318	0.664875
1070.2854	0.303919	0.315521	0.364104	1070.2854	0.100253	0.507584	0.02536	0.605681	0.067273	0.660936
1073.668213	0.304355	0.31698	0.369352	1073.668213	0.099969	0.50874	0.025361	0.608598	0.06849	0.670215
1077.051758	0.302602	0.315335	0.368978	1077.051758	0.098969	0.506235	0.025033	0.605638	0.068984	0.668973
1080.436035	0.302842	0.314197	0.367347	1080.436035	0.098676	0.507008	0.024769	0.603625	0.068815	0.665879
1083.820923	0.299163	0.315282	0.365596	1083.820923	0.097177	0.50115	0.024762	0.605801	0.069401	0.66179
1087.206543	0.297648	0.311929	0.361456	1087.206543	0.096221	0.499074	0.024554	0.599304	0.068519	0.654392
1090.592773	0.296843	0.311689	0.363594	1090.592773	0.095587	0.4981	0.02441	0.598969	0.069854	0.657334
1093.979736	0.297029	0.311572	0.366136	1093.979736	0.095041	0.499017	0.024145	0.598998	0.070196	0.662076
1097.36731	0.298586	0.311752	0.368075	1097.36731	0.095449	0.501723	0.024047	0.599457	0.070256	0.665894
1100.755615	0.296726	0.311684	0.366948	1100.755615	0.094473	0.49898	0.023867	0.5995	0.071091	0.662805
1104.144531	0.295929	0.312373	0.369522	1104.144531	0.094099	0.49776	0.023773	0.600973	0.070932	0.668112
1107.53418	0.295087	0.311829	0.369991	1107.53418	0.093348	0.496827	0.023598	0.600061	0.072884	0.667098
1110.924438	0.293648	0.311097	0.369409	1110.924438	0.092457	0.494839	0.023616	0.598579	0.071557	0.66726
1114.31543	0.29535	0.311853	0.371286	1114.31543	0.092585	0.498115	0.023429	0.600278	0.073673	0.668898
1117.707031	0.291945	0.312553	0.36972	1117.707031	0.091031	0.492859	0.023374	0.601732	0.072498	0.666941
1121.099365	0.293638	0.308798	0.369774	1121.099365	0.091369	0.495907	0.023007	0.594588	0.074622	0.664927
1124.49231	0.291367	0.306218	0.367323	1124.49231	0.090349	0.492385	0.022684	0.589752	0.072107	0.662538
1127.885986	0.289746	0.30465	0.367351	1127.885986	0.089829	0.489662	0.022411	0.58689	0.074118	0.660583
1131.280273	0.288283	0.305987	0.364451	1131.280273	0.088669	0.487897	0.022415	0.58956	0.072846	0.656056
1134.675293	0.289304	0.306757	0.368183	1134.675293	0.088624	0.489984	0.022472	0.591043	0.07512	0.661246
1138.070923	0.287317	0.304409	0.364624	1138.070923	0.087768	0.486867	0.022131	0.586686	0.073579	0.65567
1141.467285	0.284792	0.302775	0.365379	1141.467285	0.086818	0.482765	0.022016	0.583533	0.074919	0.655838
1144.864258	0.285412	0.306388	0.368364	1144.864258	0.086538	0.484286	0.021972	0.590805	0.075088	0.661639
1148.261963	0.285778	0.305365	0.367714	1148.261963	0.086221	0.485334	0.021868	0.588862	0.076364	0.659064
1151.660278	0.284007	0.306168	0.371392	1151.660278	0.085449	0.482566	0.021663	0.590674	0.076708	0.666076
1155.059326	0.282493	0.304493	0.368771	1155.059326	0.084703	0.480284	0.02134	0.587646	0.077077	0.660466
1158.458984	0.27984	0.302938	0.367024	1158.458984	0.083608	0.476072	0.021328	0.584548	0.076348	0.6577
1161.859253	0.280634	0.301342	0.369416	1161.859253	0.083536	0.477733	0.020989	0.581695	0.077909	0.660924
1165.260376	0.281072	0.304057	0.3662	1165.260376	0.083266	0.478878	0.021238	0.586876	0.076599	0.655802
1168.661987	0.281334	0.301689	0.367369	1168.661987	0.083182	0.479486	0.020983	0.582395	0.077626	0.657111
1172.064453	0.276745	0.298456	0.360539	1172.064453	0.081475	0.472015	0.020532	0.57638	0.076321	0.644757
1175.467529	0.277898	0.29911	0.366795	1175.467529	0.081364	0.474433	0.020492	0.577728	0.079231	0.654359
1178.871216	0.278547	0.300473	0.364322	1178.871216	0.081603	0.47549	0.02055	0.580396	0.077722	0.650922
1182.275635	0.276709	0.29946	0.367359	1182.275635	0.080599	0.472818	0.02041	0.57851	0.079596	0.655122
1185.680664	0.27353	0.296621	0.362319	1185.680664	0.079396	0.467664	0.020152	0.573091	0.078037	0.646601
1189.086304	0.270836	0.295439	0.363992	1189.086304	0.078426	0.463246	0.019968	0.57091	0.079188	0.648797
1192.492798	0.271337	0.29426	0.362112	1192.492798	0.07817	0.464503	0.019704	0.568816	0.079	0.645225
1195.89978	0.271227	0.297572	0.364682	1195.89978	0.077988	0.464467	0.019934	0.57521	0.080212	0.649152
1199.307617	0.269631	0.296696	0.362516	1199.307617	0.077248	0.462014	0.019772	0.57362	0.079694	0.645338
1202.716064	0.271334	0.298989	0.369797	1202.716064	0.077397	0.465271	0.019864	0.578115	0.082146	0.657447
1206.125122	0.272406	0.30001	0.367547	1206.125122	0.07745	0.467361	0.019823	0.580198	0.081223	0.653871
1209.534912	0.269423	0.299473	0.368537	1209.534912	0.076406	0.46244	0.019708	0.579238	0.082671	0.654404
1212.945313	0.267819	0.295496	0.361987	1212.945313	0.075811	0.459826	0.019364	0.571628	0.081148	0.642825
1216.356445	0.268144	0.294801	0.364549	1216.356445	0.075495	0.460793	0.019201	0.570401	0.082216	0.646882
1219.768188	0.268302	0.298516	0.361525	1219.768188	0.075294	0.46131	0.019394	0.577637	0.081705	0.641345
1223.180664	0.266617	0.295427	0.365933	1223.180664	0.074663	0.45857	0.018994	0.57186	0.083808	0.648057
1226.59375	0.266182	0.298506	0.367156	1226.59375	0.074015	0.458349	0.019368	0.577645	0.083732	0.650579
1230.007568	0.267871	0.298846	0.369495	1230.007568	0.074212	0.46153	0.019142	0.57855	0.08471	0.654279
1233.421997	0.262735	0.297095	0.365395	1233.421997	0.072704	0.452767	0.019146	0.575043	0.084184	0.646606
1236.837158	0.264874	0.294108	0.364692	1236.837158	0.072979	0.456769	0.01869	0.569525	0.084536	0.644848
1240.25293	0.262462	0.295501	0.368071	1240.25293	0.072142	0.452783	0.018884	0.572118	0.085267	0.650875
1243.669434	0.262177	0.293786	0.368429	1243.669434	0.07137	0.452984	0.018453	0.569119	0.086225	0.650634
1247.086548	0.263011	0.290074	0.362167	1247.086548	0.07171	0.454313	0.018254	0.561893	0.08459	0.639744
1250.504395	0.26264	0.29083	0.367091	1250.504395	0.071136	0.454145	0.018145	0.563515	0.086067	0.648115
1253.922852	0.260324	0.29071	0.36467	1253.922852	0.070725	0.449923	0.018152	0.563269	0.086036	0.643304
1257.342041	0.262282	0.292713	0.370058	1257.342041	0.070671	0.453893	0.018077	0.567349	0.087665	0.652451
1260.761841	0.258997	0.291086	0.363772	1260.761841	0.069523	0.448471	0.01804	0.564132	0.086587	0.640956
1264.182373	0.257919	0.290237	0.365239	1264.182373	0.069156	0.446681	0.017959	0.562515	0.087473	0.643006
1267.603516	0.257877	0.287778	0.361759	1267.603516	0.069031	0.446723	0.017808	0.557748	0.086662	0.636855
1271.025391	0.255178	0.285464	0.366404	1271.025391	0.068166	0.44219	0.017667	0.553261	0.088333	0.644476
1274.447998	0.254054	0.288182	0.366266	1274.447998	0.067339	0.44077	0.017673	0.558692	0.088668	0.643864
1277.871094	0.256251	0.288997	0.371408	1277.871094	0.067691	0.444811	0.017559	0.560436	0.090073	0.652742
1281.294922	0.256244	0.288005	0.363717	1281.294922	0.067439	0.445049	0.017489	0.558522	0.088601	0.638833
1284.719482	0.254655	0.287737	0.365973	1284.719482	0.066803	0.442506	0.017359	0.558115	0.089252	0.642694
1288.144775	0.2517	0.290385	0.364756	1288.144775	0.065678	0.437722	0.017542	0.563228	0.08921	0.640302
1291.570557	0.250332	0.290966	0.370457	1291.570557	0.065085	0.435578	0.017456	0.564475	0.090942	0.649972
1294.997192	0.251176	0.290586	0.367494	1294.997192	0.065295	0.437058	0.017319	0.563853	0.090681	0.644306
1298.424316	0.250697	0.290198	0.368051	1298.424316	0.064904	0.43649	0.01726	0.563137	0.091406	0.644696
1301.852295	0.249521	0.290556	0.367033	1301.852295	0.064474	0.434568	0.017321	0.563791	0.090703	0.643364
1305.280762	0.249463	0.286807	0.365671	1305.280762	0.064479	0.434447	0.016958	0.556656	0.091023	0.640319
1308.710083	0.248554	0.285679	0.363658	1308.710083	0.063726	0.433382	0.017001	0.554358	0.090734	0.636582
1312.139893	0.248846	0.287997	0.366738	1312.139893	0.063489	0.434202	0.017045	0.55895	0.091741	0.641735
1315.570557	0.249914	0.287683	0.365894	1315.570557	0.063392	0.436435	0.017005	0.558361	0.091839	0.639948
1319.001709	0.249097	0.287123	0.372198	1319.001709	0.063043	0.435151	0.016793	0.557452	0.09483	0.649565
1322.433716	0.247895	0.285451	0.367142	1322.433716	0.062753	0.433037	0.01684	0.554061	0.093714	0.64057
1325.866333	0.248656	0.287625	0.370539	1325.866333	0.062807	0.434505	0.016917	0.558333	0.094748	0.646331
1329.299561	0.246829	0.283342	0.370141	1329.299561	0.061915	0.431743	0.016477	0.550207	0.094936	0.645347
1332.733521	0.245745	0.285522	0.367875	1332.733521	0.061542	0.429948	0.016709	0.554335	0.095275	0.640475
1336.168091	0.24612	0.28314	0.371861	1336.168091	0.06158	0.430661	0.016545	0.549736	0.096278	0.647444
1339.603271	0.244692	0.282548	0.36526	1339.603271	0.061166	0.428219	0.016452	0.548645	0.095745	0.634775
1343.039307	0.244312	0.282391	0.36726	1343.039307	0.060664	0.427961	0.016377	0.548405	0.094444	0.640076
1346.47583	0.246046	0.283044	0.369047	1346.47583	0.06068	0.431413	0.016206	0.549883	0.098161	0.639933
1349.913208	0.24267	0.278702	0.370358	1349.913208	0.059763	0.425578	0.015966	0.541439	0.096144	0.644573
1353.351196	0.241926	0.283574	0.372429	1353.351196	0.059122	0.42473	0.016359	0.550789	0.099542	0.645317
1356.789795	0.241931	0.281626	0.369527	1356.789795	0.05935	0.424512	0.016069	0.547182	0.098436	0.640617
1360.229126	0.241333	0.281842	0.364528	1360.229126	0.059002	0.423663	0.016142	0.547543	0.098184	0.630872
1363.669189	0.239773	0.280168	0.36853	1363.669189	0.058344	0.421202	0.015935	0.5444	0.09889	0.63817
1367.109741	0.237574	0.278198	0.367558	1367.109741	0.057631	0.417517	0.015715	0.540681	0.099085	0.636032
1370.551025	0.239599	0.278463	0.3694	1370.551025	0.05797	0.421227	0.015812	0.541115	0.101278	0.637523
1373.993042	0.239394	0.27658	0.368438	1373.993042	0.057263	0.421526	0.015559	0.537601	0.099675	0.637201
1377.435791	0.237372	0.275151	0.367491	1377.435791	0.056592	0.418152	0.015552	0.53475	0.100763	0.63422
1380.87915	0.23383	0.275646	0.370167	1380.87915	0.055424	0.412235	0.01553	0.535762	0.102672	0.637661
1384.322998	0.232176	0.27718	0.370532	1384.322998	0.055186	0.409167	0.015619	0.53874	0.102904	0.638159
1387.767822	0.235626	0.276977	0.365884	1387.767822	0.055635	0.415616	0.015606	0.538348	0.101313	0.630456
1391.213135	0.23395	0.27486	0.365627	1391.213135	0.055319	0.41258	0.015509	0.53421	0.101981	0.629272
1394.65918	0.237316	0.278047	0.376461	1394.65918	0.056122	0.418509	0.015378	0.540717	0.104329	0.648592
1398.105835	0.235822	0.278074	0.373421	1398.105835	0.055263	0.41638	0.015547	0.540601	0.104225	0.642616
1401.553223	0.232514	0.273397	0.365934	1401.553223	0.054615	0.410412	0.015455	0.53134	0.102397	0.629471
1405.001221	0.233512	0.276867	0.368854	1405.001221	0.054473	0.412551	0.015613	0.538121	0.104214	0.633494
1408.449951	0.233341	0.274184	0.36802	1408.449951	0.054068	0.412613	0.015256	0.533112	0.102826	0.633214
1411.899292	0.23381	0.276517	0.372534	1411.899292	0.05443	0.413191	0.015485	0.53755	0.105928	0.639139
1415.349365	0.229951	0.276271	0.365763	1415.349365	0.053271	0.406631	0.015599	0.536943	0.104087	0.627438
1418.800049	0.229857	0.277382	0.372666	1418.800049	0.053186	0.406529	0.015458	0.539305	0.106393	0.638939
1422.251465	0.232419	0.277479	0.368086	1422.251465	0.053489	0.41135	0.015592	0.539366	0.10311	0.633061
1425.703491	0.231653	0.27313	0.367489	1425.703491	0.052827	0.41048	0.015147	0.531113	0.104629	0.63035
1429.15625	0.231536	0.272741	0.364989	1429.15625	0.053229	0.409843	0.015223	0.530259	0.103666	0.626311
1432.609619	0.227968	0.271984	0.367881	1432.609619	0.052152	0.403784	0.015067	0.528901	0.106469	0.629292
1436.063721	0.22825	0.268644	0.36841	1436.063721	0.052214	0.404287	0.015068	0.522219	0.105901	0.630919
1439.518555	0.22899	0.270663	0.368326	1439.518555	0.052066	0.405915	0.015176	0.52615	0.106938	0.629714
1442.973877	0.227154	0.274085	0.360432	1442.973877	0.051594	0.402715	0.015517	0.532654	0.103289	0.617576
1446.430054	0.228489	0.279086	0.370186	1446.430054	0.051775	0.405203	0.015734	0.542438	0.108031	0.632341
1449.886841	0.226771	0.276174	0.367576	1449.886841	0.051131	0.402412	0.01552	0.536829	0.105936	0.629216
1453.344238	0.226354	0.274248	0.363618	1453.344238	0.050844	0.401863	0.01539	0.533105	0.104557	0.62268
1456.802368	0.224804	0.272988	0.364357	1456.802368	0.050263	0.399345	0.015278	0.530698	0.10515	0.623563
1460.261108	0.225335	0.272914	0.36743	1460.261108	0.050091	0.400579	0.015227	0.530601	0.107592	0.627268
1463.720581	0.223038	0.272583	0.370213	1463.720581	0.049705	0.396371	0.01537	0.529796	0.108018	0.632409
1467.180786	0.22284	0.269613	0.365574	1467.180786	0.049144	0.396536	0.014982	0.524245	0.108088	0.62306
1470.641479	0.227017	0.275454	0.37478	1470.641479	0.049958	0.404076	0.015457	0.53545	0.109708	0.639851
1474.103027	0.223041	0.272769	0.365109	1474.103027	0.049087	0.396996	0.0153	0.530238	0.107874	0.622344
1477.565186	0.223193	0.271201	0.367625	1477.565186	0.04892	0.397467	0.015297	0.527105	0.10793	0.627319
1481.027954	0.224516	0.274059	0.379674	1481.027954	0.049327	0.399706	0.015495	0.532623	0.11253	0.646818
1484.491455	0.226025	0.277011	0.381727	1484.491455	0.049046	0.403004	0.015516	0.538506	0.112477	0.650977
1487.955566	0.222262	0.269701	0.376506	1487.955566	0.048331	0.396193	0.015243	0.524159	0.11249	0.640522
1491.42041	0.22101	0.271985	0.374114	1491.42041	0.047847	0.394174	0.015381	0.528588	0.111799	0.63643
1494.885986	0.221699	0.26704	0.364774	1494.885986	0.04777	0.395629	0.01504	0.519039	0.109255	0.620293
1498.352051	0.218285	0.267841	0.363101	1498.352051	0.046669	0.389901	0.014991	0.520692	0.108834	0.617368
1501.81897	0.218093	0.27022	0.370107	1501.81897	0.04683	0.389356	0.015275	0.525165	0.111808	0.628407
1505.286377	0.216488	0.268544	0.365222	1505.286377	0.046376	0.386599	0.015486	0.521602	0.108857	0.621587
1508.754639	0.217031	0.27488	0.370155	1508.754639	0.046224	0.387839	0.015559	0.534201	0.111724	0.628586
1512.223389	0.215688	0.276263	0.373971	1512.223389	0.045956	0.385421	0.015708	0.536818	0.113332	0.63461
1515.692993	0.213931	0.271339	0.37164	1515.692993	0.045232	0.38263	0.015436	0.527241	0.113889	0.629392
1519.163208	0.21863	0.272808	0.376523	1519.163208	0.046185	0.391076	0.01568	0.529936	0.114054	0.638992
1522.634033	0.217053	0.272074	0.377257	1522.634033	0.045723	0.388384	0.015506	0.528642	0.11489	0.639623
1526.105591	0.216554	0.27348	0.370655	1526.105591	0.045546	0.387562	0.015756	0.531204	0.111619	0.629691
1529.577881	0.216316	0.266661	0.361105	1529.577881	0.045516	0.387116	0.015176	0.518146	0.1108	0.611409
1533.050659	0.217401	0.269063	0.369959	1533.050659	0.045042	0.389761	0.015208	0.522917	0.111862	0.628056
1536.52417	0.214466	0.268054	0.375931	1536.52417	0.044465	0.384467	0.015257	0.520852	0.115302	0.636559
1539.998413	0.2133	0.266451	0.372305	1539.998413	0.044306	0.382293	0.015213	0.517688	0.114401	0.630208
1543.473389	0.215791	0.264184	0.370972	1543.473389	0.044825	0.386756	0.015041	0.513326	0.11396	0.627984
1546.948975	0.214451	0.264851	0.370513	1546.948975	0.044221	0.384681	0.014964	0.514737	0.113927	0.6271
1550.425171	0.21332	0.266462	0.36405	1550.425171	0.043713	0.382928	0.015309	0.517614	0.112802	0.615298
1553.9021	0.213469	0.272011	0.371289	1553.9021	0.043709	0.38323	0.015797	0.528225	0.114455	0.628123
1557.379639	0.210556	0.273478	0.373035	1557.379639	0.043149	0.377963	0.015814	0.531142	0.115123	0.630947
1560.85791	0.214471	0.268039	0.365913	1560.85791	0.043578	0.385363	0.01547	0.520608	0.113436	0.61839
1564.336792	0.213665	0.266773	0.36522	1564.336792	0.043388	0.383943	0.015523	0.518023	0.113703	0.616738
1567.816528	0.209278	0.262642	0.361059	1567.816528	0.042412	0.376143	0.015038	0.510245	0.113041	0.609077
1571.296753	0.20801	0.267374	0.369954	1571.296753	0.041931	0.374089	0.015406	0.519343	0.116891	0.623018
1574.777588	0.207616	0.270689	0.374016	1574.777588	0.04187	0.373362	0.015585	0.525793	0.117648	0.630384
1578.259277	0.210406	0.271717	0.374753	1578.259277	0.042144	0.378668	0.015533	0.527901	0.117868	0.631639
1581.741577	0.209123	0.26811	0.366508	1581.741577	0.041768	0.376479	0.015405	0.520816	0.116177	0.616838
1585.224487	0.208905	0.266566	0.375658	1585.224487	0.04174	0.376069	0.015658	0.517474	0.118057	0.633259
1588.708252	0.209758	0.272524	0.377546	1588.708252	0.041618	0.377899	0.015733	0.529316	0.119109	0.635983
1592.192505	0.207768	0.271331	0.371135	1592.192505	0.041388	0.374148	0.015628	0.527034	0.11747	0.6248
1595.67749	0.210175	0.268589	0.369082	1595.67749	0.041444	0.378905	0.015414	0.521763	0.117604	0.62056
1599.163086	0.209325	0.268077	0.375225	1599.163086	0.040926	0.377724	0.015611	0.520542	0.119716	0.630733
1602.649414	0.207115	0.264111	0.365512	1602.649414	0.040683	0.373547	0.015308	0.512914	0.116962	0.614062
1606.136475	0.206421	0.260987	0.375153	1606.136475	0.040484	0.372359	0.015347	0.506626	0.120656	0.62965
1609.624023	0.206887	0.270132	0.377172	1609.624023	0.040086	0.373688	0.015812	0.524451	0.119161	0.635183
1613.112427	0.206518	0.267351	0.372861	1613.112427	0.040307	0.372729	0.015854	0.518848	0.119666	0.626056
1616.601318	0.2049	0.261022	0.369418	1616.601318	0.039368	0.370431	0.015325	0.506719	0.119895	0.618941
1620.091064	0.20303	0.26405	0.370455	1620.091064	0.039456	0.366604	0.015735	0.512366	0.119111	0.621799
1623.581299	0.205315	0.267615	0.369375	1623.581299	0.039547	0.371084	0.015915	0.519316	0.119053	0.619697
1627.072388	0.205671	0.266464	0.377209	1627.072388	0.039661	0.371681	0.015716	0.517213	0.122402	0.632016
1630.564087	0.204922	0.25758	0.364796	1630.564087	0.038939	0.370906	0.015132	0.500028	0.118441	0.611152
1634.056396	0.202992	0.2625	0.369746	1634.056396	0.038984	0.367	0.015582	0.509419	0.119659	0.619832
1637.549561	0.203829	0.25411	0.365155	1637.549561	0.039132	0.368527	0.015095	0.493125	0.118522	0.611787
1641.043213	0.20313	0.26023	0.374033	1641.043213	0.038087	0.368172	0.015509	0.50495	0.122279	0.625787
1644.537476	0.20295	0.258703	0.372309	1644.537476	0.038342	0.367558	0.015315	0.502091	0.123164	0.621454
1648.032593	0.201792	0.257521	0.370068	1648.032593	0.037589	0.365995	0.015507	0.499534	0.122103	0.618034
1651.52832	0.201377	0.251922	0.363536	1651.52832	0.037845	0.364909	0.015069	0.488775	0.119901	0.607171
1655.024658	0.200759	0.256852	0.371323	1655.024658	0.037227	0.364292	0.015622	0.498083	0.121981	0.620665
1658.521729	0.202007	0.2544	0.376358	1658.521729	0.037576	0.366438	0.015325	0.493475	0.123612	0.629105
1662.019531	0.201174	0.25658	0.369239	1662.019531	0.037394	0.364954	0.015481	0.497679	0.121622	0.616857
1665.517944	0.198931	0.262301	0.370986	1665.517944	0.037692	0.36017	0.015695	0.508908	0.122418	0.619555
1669.016968	0.199794	0.258673	0.378762	1669.016968	0.037588	0.362001	0.015334	0.502012	0.125052	0.632471
1672.516846	0.20065	0.263194	0.384094	1672.516846	0.037399	0.363901	0.016045	0.510343	0.127453	0.640736
1676.017212	0.200692	0.260613	0.37783	1676.017212	0.0367	0.364684	0.015641	0.505586	0.1268	0.628861
1679.518188	0.200695	0.256863	0.37535	1679.518188	0.036787	0.364603	0.015599	0.498126	0.125485	0.625214
1683.019897	0.199201	0.254984	0.366806	1683.019897	0.036763	0.361638	0.015602	0.494366	0.1217	0.611913
1686.522461	0.199817	0.253041	0.369825	1686.522461	0.036635	0.362999	0.015648	0.490433	0.124447	0.615203