Opt. Const. of B-Spline vs. nm		
nm	n	k
192.414993	1.57103	0.000003
194.001999	1.568826	0.000003
195.589081	1.56659	0.000003
197.176178	1.564268	0.000003
198.763351	1.561813	0.000003
200.350571	1.559214	0.000003
201.937836	1.556577	0.000002
203.525162	1.554024	0.000002
205.112518	1.551667	0.000002
206.699921	1.549592	0.000002
208.287399	1.547754	0.000002
209.874908	1.546061	0.000002
211.462448	1.544429	0.000002
213.050049	1.542779	0.000001
214.637695	1.541077	0.000001
216.225388	1.539356	0.000001
217.813141	1.537649	0.000001
219.400925	1.535991	0.000001
220.98877	1.53441	0.000001
222.57663	1.532912	0.000001
224.164581	1.531478	0
225.752533	1.53009	0
227.340546	1.528729	0
228.928619	1.52738	0
230.516693	1.526037	0
232.104858	1.524719	0
233.693039	1.523445	0
235.281281	1.52223	0
236.869537	1.521092	0
238.457855	1.520043	0
240.046219	1.519075	0
241.634598	1.518164	0
243.223053	1.517289	0
244.811523	1.516429	0
246.400055	1.515565	0
247.988602	1.514679	0
249.577194	1.513771	0
251.165848	1.51285	0
252.754517	1.511928	0
254.343231	1.511013	0
255.932007	1.510115	0
257.520813	1.509241	0
259.10965	1.508399	0
260.698517	1.507585	0
262.287415	1.506793	0
263.876373	1.506018	0
265.465363	1.505256	0
267.054382	1.504503	0
268.643433	1.503753	0
270.232513	1.503004	0
271.821655	1.502256	0
273.410828	1.501511	0
275.000031	1.50077	0
276.589264	1.500035	0
278.178528	1.499308	0
279.767822	1.49859	0
281.357147	1.497882	0
282.946533	1.497186	0
284.53595	1.496504	0
286.125366	1.495841	0
287.714844	1.495197	0
289.304352	1.494577	0
290.89386	1.493982	0
292.483459	1.493415	0
294.073029	1.492878	0
295.662659	1.492372	0
297.252319	1.491897	0
298.84201	1.49145	0
300.431732	1.491025	0
302.021484	1.490618	0
303.611267	1.490227	0
305.20105	1.489846	0
306.790894	1.489474	0
308.380768	1.489107	0
309.970642	1.488741	0
311.560577	1.488375	0
313.150543	1.488008	0
314.740509	1.487643	0
316.330505	1.487279	0
317.920532	1.486919	0
319.51059	1.486562	0
321.100677	1.48621	0
322.690796	1.485864	0
324.280914	1.485525	0
325.871063	1.485193	0
327.461243	1.484869	0
329.051453	1.484553	0
330.641693	1.484244	0
332.231964	1.483939	0
333.822235	1.483639	0
335.412537	1.483341	0
337.002869	1.483045	0
338.593231	1.48275	0
340.183594	1.482454	0
341.773987	1.482157	0
343.36441	1.481857	0
344.954865	1.481554	0
346.545319	1.481247	0
348.135803	1.480937	0
349.726288	1.480624	0
351.316833	1.480311	0
352.907349	1.479997	0
354.497894	1.479685	0
356.088501	1.479374	0
357.679108	1.479066	0
359.269714	1.478762	0
360.860352	1.478463	0
362.450989	1.478168	0
364.041687	1.47788	0
365.632385	1.477598	0
367.223083	1.477324	0
368.813782	1.477057	0
370.404541	1.476798	0
371.9953	1.476547	0
373.58606	1.476302	0
375.176849	1.476066	0
376.767639	1.475836	0
378.358459	1.475614	0
379.94931	1.475399	0
381.540161	1.475192	0
383.131042	1.474991	0
384.721893	1.474798	0
386.312805	1.474612	0
387.903687	1.474433	0
389.494598	1.474261	0
391.08551	1.474096	0
392.676453	1.473937	0
394.267426	1.473783	0
395.858398	1.473635	0
397.449371	1.47349	0
399.040344	1.473348	0
400.631348	1.473209	0
402.222351	1.473072	0
403.813385	1.472937	0
405.404388	1.472802	0
406.995422	1.472667	0
408.586487	1.472533	0
410.177551	1.472397	0
411.768616	1.472261	0
413.35968	1.472123	0
414.950745	1.471982	0
416.54184	1.47184	0
418.132904	1.471694	0
419.72403	1.471546	0
421.315125	1.471397	0
422.90625	1.471246	0
424.497375	1.471094	0
426.088531	1.470942	0
427.679626	1.47079	0
429.270813	1.470638	0
430.861908	1.470487	0
432.453064	1.470337	0
434.04425	1.470188	0
435.635345	1.470042	0
437.226501	1.469897	0
438.817688	1.469754	0
440.408844	1.469615	0
442.000061	1.469478	0
443.591217	1.469344	0
445.182373	1.469214	0
446.773529	1.469088	0
448.364685	1.468966	0
449.955902	1.468847	0
451.547058	1.468731	0
453.138245	1.468619	0
454.729431	1.468509	0
456.320618	1.468403	0
457.911774	1.468298	0
459.502991	1.468195	0
461.094147	1.468095	0
462.685303	1.467996	0
464.276459	1.467898	0
465.867676	1.467802	0
467.458832	1.467706	0
469.049988	1.467612	0
470.641174	1.467518	0
472.23233	1.467425	0
473.823486	1.467331	0
475.414642	1.467238	0
477.005768	1.467145	0
478.596924	1.467052	0
480.18808	1.466959	0
481.779205	1.466865	0
483.3703	1.46677	0
484.961487	1.466675	0
486.552582	1.46658	0
488.143707	1.466484	0
489.734802	1.466388	0
491.325867	1.466292	0
492.916992	1.466195	0
494.508057	1.466099	0
496.099182	1.466003	0
497.690247	1.465907	0
499.281311	1.465812	0
500.872314	1.465717	0
502.463379	1.465622	0
504.054382	1.465528	0
505.645416	1.465435	0
507.23642	1.465342	0
508.827454	1.46525	0
510.418457	1.465159	0
512.009399	1.465069	0
513.600403	1.464979	0
515.191345	1.464891	0
516.782288	1.464804	0
518.37323	1.464718	0
519.964172	1.464633	0
521.555054	1.464549	0
523.145935	1.464467	0
524.736877	1.464386	0
526.327759	1.464306	0
527.918579	1.464228	0
529.509399	1.46415	0
531.10022	1.464074	0
532.69104	1.464	0
534.28186	1.463926	0
535.872681	1.463853	0
537.463379	1.463782	0
539.054138	1.463712	0
540.644897	1.463642	0
542.235596	1.463574	0
543.826294	1.463507	0
545.416992	1.46344	0
547.00769	1.463375	0
548.598267	1.46331	0
550.188904	1.463247	0
551.779541	1.463184	0
553.370117	1.463122	0
554.960693	1.463061	0
556.55127	1.463001	0
558.141785	1.462941	0
559.7323	1.462883	0
561.322815	1.462825	0
562.913269	1.462767	0
564.503723	1.462711	0
566.094116	1.462655	0
567.68457	1.4626	0
569.274963	1.462545	0
570.865295	1.462491	0
572.455688	1.462438	0
574.045959	1.462385	0
575.636292	1.462333	0
577.226501	1.462282	0
578.816772	1.462231	0
580.406982	1.46218	0
581.997192	1.46213	0
583.587341	1.462081	0
585.177551	1.462032	0
586.767639	1.461983	0
588.357788	1.461935	0
589.947815	1.461887	0
591.537842	1.46184	0
593.127869	1.461793	0
594.717896	1.461746	0
596.307861	1.4617	0
597.897766	1.461654	0
599.487671	1.461609	0
601.077576	1.461563	0
602.667419	1.461518	0
604.257202	1.461474	0
605.847046	1.461429	0
607.436829	1.461385	0
609.02655	1.461341	0
610.616272	1.461297	0
612.205933	1.461254	0
613.795532	1.46121	0
615.385193	1.461167	0
616.974731	1.461125	0
618.564331	1.461082	0
620.15387	1.461039	0
621.743347	1.460997	0
623.332825	1.460955	0
624.922241	1.460912	0
626.511597	1.460871	0
628.100952	1.460829	0
629.690308	1.460787	0
631.279602	1.460745	0
632.868835	1.460704	0
634.458069	1.460662	0
636.047241	1.460621	0
637.636353	1.46058	0
639.225464	1.460539	0
640.814575	1.460497	0
642.403625	1.460456	0
643.992615	1.460416	0
645.581604	1.460375	0
647.170532	1.460334	0
648.759399	1.460294	0
650.348267	1.460253	0
651.937134	1.460213	0
653.525879	1.460173	0
655.114624	1.460132	0
656.703308	1.460092	0
658.291992	1.460052	0
659.880615	1.460013	0
661.469177	1.459973	0
663.057739	1.459934	0
664.64624	1.459894	0
666.234741	1.459855	0
667.82312	1.459816	0
669.411499	1.459777	0
670.999878	1.459738	0
672.588135	1.459699	0
674.176392	1.45966	0
675.764587	1.459622	0
677.352783	1.459583	0
678.940918	1.459545	0
680.528992	1.459507	0
682.117065	1.459469	0
683.705017	1.459431	0
685.292969	1.459393	0
686.88092	1.459355	0
688.46875	1.459318	0
690.056519	1.45928	0
691.644348	1.459243	0
693.232056	1.459206	0
694.819702	1.459169	0
696.407349	1.459132	0
697.994934	1.459095	0
699.582458	1.459059	0
701.169983	1.459022	0
702.757446	1.458986	0
704.344849	1.45895	0
705.932129	1.458914	0
707.519409	1.458878	0
709.106689	1.458842	0
710.693909	1.458807	0
712.281067	1.458771	0
713.868103	1.458736	0
715.4552	1.458701	0
717.042175	1.458666	0
718.629089	1.458631	0
720.216003	1.458597	0
721.802856	1.458562	0
723.389648	1.458528	0
724.976379	1.458494	0
726.56311	1.458461	0
728.149719	1.458427	0
729.736267	1.458394	0
731.322815	1.458361	0
732.909302	1.458328	0
734.495728	1.458295	0
736.082092	1.458263	0
737.668335	1.458231	0
739.254639	1.458199	0
740.84082	1.458168	0
742.426941	1.458136	0
744.013062	1.458105	0
745.59906	1.458075	0
747.185059	1.458044	0
748.770996	1.458014	0
750.356812	1.457984	0
751.942688	1.457955	0
753.528442	1.457925	0
755.114136	1.457896	0
756.699707	1.457868	0
758.285278	1.457839	0
759.870789	1.457811	0
761.456238	1.457783	0
763.041626	1.457756	0
764.627014	1.457728	0
766.21228	1.457701	0
767.797485	1.457675	0
769.382629	1.457649	0
770.967712	1.457623	0
772.552734	1.457597	0
774.137695	1.457572	0
775.722595	1.457547	0
777.307495	1.457522	0
778.892212	1.457498	0
780.476929	1.457474	0
782.061646	1.45745	0
783.646179	1.457427	0
785.230713	1.457404	0
786.815186	1.457381	0
788.399597	1.457359	0
789.983948	1.457337	0
791.568237	1.457315	0
793.152405	1.457294	0
794.736511	1.457273	0
796.320618	1.457252	0
797.904663	1.457232	0
799.488586	1.457212	0
801.072388	1.457192	0
802.65625	1.457173	0
804.23999	1.457154	0
805.823608	1.457135	0
807.407227	1.457117	0
808.990784	1.457098	0
810.574219	1.45708	0
812.157593	1.457063	0
813.740967	1.457045	0
815.324219	1.457028	0
816.907349	1.457011	0
818.49054	1.456994	0
820.073547	1.456977	0
821.656555	1.45696	0
823.239441	1.456944	0
824.822266	1.456927	0
826.404968	1.456911	0
827.987671	1.456894	0
829.570313	1.456878	0
831.152832	1.456862	0
832.735352	1.456846	0
834.317688	1.456829	0
835.900024	1.456813	0
837.4823	1.456797	0
839.064453	1.456781	0
840.646606	1.456765	0
842.228638	1.456749	0
843.810547	1.456733	0
845.392395	1.456717	0
846.974243	1.4567	0
848.555847	1.456684	0
850.137512	1.456668	0
851.719116	1.456651	0
853.300598	1.456634	0
854.882019	1.456618	0
856.463379	1.456601	0
858.044617	1.456584	0
859.625793	1.456567	0
861.206848	1.45655	0
862.787903	1.456533	0
864.368835	1.456515	0
865.949707	1.456498	0
867.530457	1.45648	0
869.111145	1.456462	0
870.691772	1.456444	0
872.272339	1.456425	0
873.852722	1.456407	0
875.433228	1.456388	0
877.013489	1.456369	0
878.593628	1.45635	0
880.173828	1.456331	0
881.753784	1.456312	0
883.333801	1.456292	0
884.913696	1.456272	0
886.493469	1.456252	0
888.073242	1.456231	0
889.652832	1.456211	0
891.2323	1.45619	0
892.811829	1.456169	0
894.391235	1.456147	0
895.97052	1.456125	0
897.549683	1.456103	0
899.128784	1.456081	0
900.707825	1.456059	0
902.286804	1.456036	0
903.865601	1.456013	0
905.444458	1.45599	0
907.023071	1.455966	0
908.601685	1.455942	0
910.180176	1.455918	0
911.758606	1.455893	0
913.336914	1.455868	0
914.915161	1.455843	0
916.493347	1.455818	0
918.071411	1.455792	0
919.649292	1.455766	0
921.227234	1.45574	0
922.804993	1.455713	0
924.38269	1.455686	0
925.960327	1.455659	0
927.537781	1.455631	0
929.115234	1.455603	0
930.692566	1.455575	0
932.269836	1.455547	0
933.846985	1.455518	0
935.424011	1.455489	0
937.000977	1.45546	0
938.57782	1.45543	0
940.154602	1.455401	0
941.731262	1.455371	0
943.307922	1.45534	0
944.884399	1.45531	0
946.460754	1.455279	0
948.036987	1.455248	0
949.613281	1.455217	0
951.189331	1.455186	0
952.76532	1.455154	0
954.341309	1.455122	0
955.917114	1.455091	0
957.492798	1.455058	0
959.068359	1.455026	0
960.643921	1.454993	0
962.21936	1.454961	0
963.794617	1.454928	0
965.369934	1.454895	0
966.945007	1.454862	0
968.52002	1.454828	0
970.09491	1.454795	0
971.6698	1.454761	0
973.244507	1.454727	0
974.819153	1.454693	0
976.393677	1.454659	0
977.968079	1.454625	0
979.542358	1.45459	0
981.116577	1.454556	0
982.690735	1.454521	0
984.264771	1.454486	0
985.838684	1.454451	0
987.412415	1.454416	0
988.986145	1.454381	0
990.559753	1.454345	0
992.133179	1.45431	0
993.706665	1.454275	0
995.279907	1.454239	0
996.853027	1.454203	0
998.426147	1.454167	0
999.999146	1.454131	0
1012.878723	1.453834	0
1016.250183	1.453756	0
1019.622375	1.453677	0
1022.995239	1.453597	0
1026.368652	1.453518	0
1029.74292	1.453438	0
1033.117676	1.453358	0
1036.493286	1.453278	0
1039.869385	1.453198	0
1043.246338	1.453117	0
1046.623779	1.453037	0
1050.001953	1.452956	0
1053.380859	1.452875	0
1056.760498	1.452794	0
1060.140625	1.452713	0
1063.521484	1.452632	0
1066.903076	1.452551	0
1070.2854	1.45247	0
1073.668213	1.452389	0
1077.051758	1.452308	0
1080.436035	1.452227	0
1083.820923	1.452146	0
1087.206543	1.452065	0
1090.592773	1.451985	0
1093.979736	1.451904	0
1097.36731	1.451823	0
1100.755615	1.451743	0
1104.144531	1.451662	0
1107.53418	1.451581	0
1110.924438	1.4515	0
1114.31543	1.45142	0
1117.707031	1.451339	0
1121.099365	1.451258	0
1124.49231	1.451178	0
1127.885986	1.451097	0
1131.280273	1.451016	0
1134.675293	1.450935	0
1138.070923	1.450854	0
1141.467285	1.450773	0
1144.864258	1.450692	0
1148.261963	1.450611	0
1151.660278	1.45053	0
1155.059326	1.450449	0
1158.458984	1.450367	0
1161.859253	1.450286	0
1165.260376	1.450204	0
1168.661987	1.450123	0
1172.064453	1.450041	0
1175.467529	1.449959	0
1178.871216	1.449877	0
1182.275635	1.449795	0
1185.680664	1.449713	0
1189.086304	1.449631	0
1192.492798	1.449548	0
1195.89978	1.449466	0
1199.307617	1.449383	0
1202.716064	1.449301	0
1206.125122	1.449218	0
1209.534912	1.449135	0
1212.945313	1.449051	0
1216.356445	1.448968	0
1219.768188	1.448885	0
1223.180664	1.448801	0
1226.59375	1.448718	0
1230.007568	1.448634	0
1233.421997	1.44855	0
1236.837158	1.448466	0
1240.25293	1.448382	0
1243.669434	1.448297	0
1247.086548	1.448213	0
1250.504395	1.448128	0
1253.922852	1.448043	0
1257.342041	1.447958	0
1260.761841	1.447873	0
1264.182373	1.447788	0
1267.603516	1.447703	0
1271.025391	1.447617	0
1274.447998	1.447532	0
1277.871094	1.447446	0
1281.294922	1.44736	0
1284.719482	1.447274	0
1288.144775	1.447188	0
1291.570557	1.447102	0
1294.997192	1.447015	0
1298.424316	1.446929	0
1301.852295	1.446842	0
1305.280762	1.446755	0
1308.710083	1.446668	0
1312.139893	1.446581	0
1315.570557	1.446493	0
1319.001709	1.446406	0
1322.433716	1.446318	0
1325.866333	1.446231	0
1329.299561	1.446143	0
1332.733521	1.446055	0
1336.168091	1.445967	0
1339.603271	1.445879	0
1343.039307	1.445791	0
1346.47583	1.445702	0
1349.913208	1.445614	0
1353.351196	1.445526	0
1356.789795	1.445438	0
1360.229126	1.445349	0
1363.669189	1.445261	0
1367.109741	1.445172	0
1370.551025	1.445084	0
1373.993042	1.444996	0
1377.435791	1.444907	0
1380.87915	1.444819	0
1384.322998	1.444731	0
1387.767822	1.444642	0
1391.213135	1.444554	0
1394.65918	1.444466	0
1398.105835	1.444378	0
1401.553223	1.44429	0
1405.001221	1.444202	0
1408.449951	1.444114	0
1411.899292	1.444027	0
1415.349365	1.443939	0
1418.800049	1.443852	0
1422.251465	1.443764	0
1425.703491	1.443677	0
1429.15625	1.44359	0
1432.609619	1.443503	0
1436.063721	1.443416	0
1439.518555	1.443329	0
1442.973877	1.443243	0
1446.430054	1.443156	0
1449.886841	1.44307	0
1453.344238	1.442984	0
1456.802368	1.442898	0
1460.261108	1.442812	0
1463.720581	1.442726	0
1467.180786	1.442641	0
1470.641479	1.442556	0
1474.103027	1.442471	0
1477.565186	1.442386	0
1481.027954	1.442301	0
1484.491455	1.442217	0
1487.955566	1.442132	0
1491.42041	1.442048	0
1494.885986	1.441964	0
1498.352051	1.441881	0
1501.81897	1.441797	0
1505.286377	1.441714	0
1508.754639	1.441631	0
1512.223389	1.441548	0
1515.692993	1.441466	0
1519.163208	1.441383	0
1522.634033	1.441301	0
1526.105591	1.441219	0
1529.577881	1.441138	0
1533.050659	1.441056	0
1536.52417	1.440975	0
1539.998413	1.440894	0
1543.473389	1.440813	0
1546.948975	1.440733	0
1550.425171	1.440653	0
1553.9021	1.440573	0
1557.379639	1.440493	0
1560.85791	1.440414	0
1564.336792	1.440334	0
1567.816528	1.440256	0
1571.296753	1.440177	0
1574.777588	1.440098	0
1578.259277	1.44002	0
1581.741577	1.439942	0
1585.224487	1.439865	0
1588.708252	1.439787	0
1592.192505	1.43971	0
1595.67749	1.439633	0
1599.163086	1.439557	0
1602.649414	1.43948	0
1606.136475	1.439404	0
1609.624023	1.439328	0
1613.112427	1.439253	0
1616.601318	1.439178	0
1620.091064	1.439103	0
1623.581299	1.439028	0
1627.072388	1.438954	0
1630.564087	1.438879	0
1634.056396	1.438805	0
1637.549561	1.438732	0
1641.043213	1.438659	0
1644.537476	1.438586	0
1648.032593	1.438513	0
1651.52832	1.43844	0
1655.024658	1.438368	0
1658.521729	1.438296	0
1662.019531	1.438224	0
1665.517944	1.438153	0
1669.016968	1.438082	0
1672.516846	1.438011	0
1676.017212	1.43794	0
1679.518188	1.43787	0
1683.019897	1.4378	0
1686.522461	1.43773	0