Average polarization				Separate polarizations
Wavelength (nm)	55.00 deg incidence reflectance	65.00 deg incidence reflectance	75.00 deg incidence reflectance	Wavelength (nm)	"p-Intensity, 55.00 deg incidence reflectance"	"s-Intensity, 55.00 deg incidence reflectance"	"p-Intensity, 65.00 deg incidence reflectance"	"s-Intensity, 65.00 deg incidence reflectance"	"p-Intensity, 75 deg incidence reflectance"	"s-Intensity, 75 deg incidence reflectance"
192.414993	0.558388	0.626466	0.684891	192.414993	0.424221	0.692556	0.436027	0.816905	0.477312	0.89247
194.001999	0.560071	0.626477	0.683512	194.001999	0.423905	0.696237	0.434137	0.818817	0.472746	0.894278
195.589081	0.559275	0.624198	0.67868	195.589081	0.422678	0.695872	0.430195	0.818202	0.466461	0.890898
197.176178	0.558783	0.622456	0.675548	197.176178	0.421664	0.695901	0.427487	0.817424	0.460098	0.890999
198.763351	0.558233	0.619536	0.67114	198.763351	0.420605	0.695862	0.423644	0.815427	0.454671	0.887609
200.350571	0.558331	0.618136	0.667797	200.350571	0.419306	0.697356	0.421217	0.815055	0.448759	0.886835
201.937836	0.558708	0.616601	0.66531	201.937836	0.419721	0.697695	0.4184	0.814803	0.444796	0.885824
203.525162	0.560937	0.617531	0.663493	203.525162	0.420959	0.700914	0.416295	0.818768	0.439393	0.887593
205.112518	0.562639	0.616704	0.662559	205.112518	0.421947	0.703331	0.414124	0.819284	0.435019	0.8901
206.699921	0.564243	0.617103	0.661586	206.699921	0.422449	0.706036	0.412751	0.821455	0.430801	0.892371
208.287399	0.565195	0.616142	0.659699	208.287399	0.422151	0.708238	0.410091	0.822193	0.426386	0.893013
209.874908	0.565283	0.615045	0.657198	209.874908	0.421835	0.708732	0.408288	0.821803	0.421417	0.892979
211.462448	0.566749	0.614641	0.656	211.462448	0.422369	0.71113	0.406493	0.82279	0.417128	0.894873
213.050049	0.566305	0.613812	0.653316	213.050049	0.421681	0.710929	0.404372	0.823251	0.412546	0.894087
214.637695	0.566161	0.613704	0.651845	214.637695	0.420803	0.711519	0.402619	0.824788	0.408368	0.895322
216.225388	0.56688	0.612902	0.649932	216.225388	0.421218	0.712542	0.400811	0.824993	0.404287	0.895577
217.813141	0.566338	0.611627	0.647763	217.813141	0.420455	0.71222	0.398362	0.824891	0.399173	0.896352
219.400925	0.565879	0.611018	0.645391	219.400925	0.41948	0.712279	0.396747	0.825289	0.394823	0.895959
220.98877	0.565131	0.609868	0.642758	220.98877	0.418463	0.7118	0.394989	0.824748	0.390457	0.895059
222.57663	0.565863	0.609419	0.641404	222.57663	0.418976	0.712751	0.393264	0.825573	0.386008	0.8968
224.164581	0.566315	0.609129	0.639717	224.164581	0.418671	0.713959	0.391816	0.826442	0.382994	0.896439
225.752533	0.567166	0.609612	0.639086	225.752533	0.419025	0.715307	0.390894	0.828331	0.379371	0.898801
227.340546	0.568165	0.61042	0.638442	227.340546	0.419472	0.716857	0.39044	0.830401	0.375773	0.90111
228.928619	0.568298	0.609843	0.636206	228.928619	0.419351	0.717245	0.388511	0.831174	0.371701	0.900712
230.516693	0.566963	0.607651	0.632789	230.516693	0.417735	0.716192	0.385236	0.830065	0.365763	0.899814
232.104858	0.565402	0.605607	0.629486	232.104858	0.415333	0.715472	0.382509	0.828705	0.360861	0.898111
233.693039	0.564575	0.604389	0.626998	233.693039	0.414419	0.71473	0.380217	0.82856	0.356665	0.897331
235.281281	0.564806	0.604183	0.625045	235.281281	0.414607	0.715004	0.379306	0.82906	0.352906	0.897185
236.869537	0.565394	0.604565	0.624543	236.869537	0.414571	0.716216	0.378529	0.830602	0.349576	0.899511
238.457855	0.56597	0.60455	0.622927	238.457855	0.414798	0.717142	0.37763	0.831471	0.345623	0.900231
240.046219	0.565278	0.603568	0.620605	240.046219	0.413784	0.716772	0.375171	0.831966	0.341265	0.899945
241.634598	0.564532	0.602336	0.617818	241.634598	0.412601	0.716463	0.373021	0.83165	0.336729	0.898907
243.223053	0.563082	0.600234	0.614345	243.223053	0.410527	0.715637	0.370283	0.830184	0.331424	0.897267
244.811523	0.561845	0.598497	0.611622	244.811523	0.409021	0.71467	0.367892	0.829102	0.3269	0.896345
246.400055	0.560511	0.596567	0.608499	246.400055	0.407685	0.713337	0.365137	0.827997	0.322352	0.894646
247.988602	0.559082	0.594847	0.6055	247.988602	0.405851	0.712313	0.362879	0.826815	0.318139	0.892861
249.577194	0.558698	0.59393	0.60363	249.577194	0.405376	0.712019	0.36126	0.826601	0.314363	0.892897
251.165848	0.558097	0.592766	0.601931	251.165848	0.404299	0.711895	0.359477	0.826055	0.310783	0.893079
252.754517	0.557283	0.591916	0.599804	252.754517	0.403678	0.710887	0.35775	0.826082	0.307235	0.892373
254.343231	0.557305	0.591672	0.59815	254.343231	0.40329	0.71132	0.356553	0.82679	0.304048	0.892253
255.932007	0.557139	0.591248	0.597048	255.932007	0.402898	0.71138	0.355769	0.826726	0.30114	0.892956
257.520813	0.556918	0.590498	0.595768	257.520813	0.402222	0.711614	0.354089	0.826906	0.297759	0.893776
259.10965	0.557219	0.590526	0.594332	259.10965	0.402384	0.712054	0.35302	0.828031	0.294286	0.894378
260.698517	0.557494	0.589357	0.592608	260.698517	0.402254	0.712733	0.35134	0.827375	0.290747	0.894469
262.287415	0.55711	0.588544	0.590666	262.287415	0.40192	0.7123	0.34983	0.827258	0.287404	0.893927
263.876373	0.556363	0.587345	0.588229	263.876373	0.400765	0.711962	0.347881	0.82681	0.283243	0.893215
265.465363	0.554714	0.58571	0.585968	265.465363	0.398866	0.710562	0.345812	0.825609	0.279456	0.892481
267.054382	0.553481	0.583933	0.5833	267.054382	0.397207	0.709756	0.343643	0.824223	0.275538	0.891063
268.643433	0.552221	0.581971	0.580648	268.643433	0.395595	0.708846	0.3411	0.822841	0.271592	0.889705
270.232513	0.551213	0.580954	0.578381	270.232513	0.394691	0.707735	0.339254	0.822654	0.268323	0.888438
271.821655	0.550576	0.580042	0.576942	271.821655	0.39387	0.707282	0.33757	0.822514	0.265331	0.888553
273.410828	0.5505	0.579419	0.575979	273.410828	0.393821	0.707178	0.336945	0.821893	0.262799	0.88916
275.000031	0.550745	0.579263	0.574788	275.000031	0.393912	0.707579	0.335714	0.822812	0.259998	0.889577
276.589264	0.550847	0.579223	0.573558	276.589264	0.393592	0.708102	0.334747	0.823699	0.256706	0.89041
278.178528	0.549988	0.577789	0.571752	278.178528	0.392231	0.707745	0.333046	0.822532	0.253405	0.890099
279.767822	0.549412	0.576372	0.569743	279.767822	0.391238	0.707586	0.330781	0.821964	0.249954	0.889531
281.357147	0.548369	0.575322	0.568103	281.357147	0.390701	0.706037	0.329408	0.821237	0.247029	0.889178
282.946533	0.548454	0.575325	0.567194	282.946533	0.390364	0.706544	0.328865	0.821785	0.244488	0.8899
284.53595	0.54837	0.57494	0.565696	284.53595	0.389986	0.706754	0.327849	0.822032	0.241508	0.889884
286.125366	0.547947	0.574136	0.563917	286.125366	0.389338	0.706557	0.326316	0.821956	0.238485	0.889348
287.714844	0.547643	0.573285	0.562354	287.714844	0.388565	0.706721	0.324608	0.821963	0.235204	0.889505
289.304352	0.547067	0.571965	0.560772	289.304352	0.387895	0.706239	0.322706	0.821224	0.23199	0.889553
290.89386	0.546597	0.571106	0.558898	290.89386	0.387121	0.706072	0.3217	0.820513	0.229213	0.888583
292.483459	0.546816	0.570731	0.557858	292.483459	0.386891	0.706742	0.320451	0.821011	0.226036	0.889681
294.073029	0.545745	0.569658	0.5561	294.073029	0.385396	0.706095	0.318539	0.820777	0.223048	0.889151
295.662659	0.545335	0.568933	0.554197	295.662659	0.38477	0.705901	0.316952	0.820914	0.219814	0.888579
297.252319	0.544967	0.568258	0.552881	297.252319	0.383853	0.70608	0.315355	0.821161	0.216959	0.888803
298.84201	0.544378	0.567015	0.550766	298.84201	0.382844	0.705911	0.313879	0.82015	0.213946	0.887586
300.431732	0.543923	0.566379	0.549399	300.431732	0.38179	0.706055	0.312162	0.820595	0.21082	0.887979
302.021484	0.543034	0.565082	0.547685	302.021484	0.380682	0.705386	0.31043	0.819733	0.208078	0.887292
303.611267	0.541968	0.563663	0.546441	303.611267	0.379521	0.704415	0.308718	0.818608	0.205287	0.887596
305.20105	0.541515	0.563214	0.544164	305.20105	0.37882	0.704209	0.307314	0.819114	0.202194	0.886133
306.790894	0.541119	0.562489	0.543239	306.790894	0.37791	0.704328	0.305742	0.819235	0.200169	0.886308
308.380768	0.539882	0.561046	0.541701	308.380768	0.376485	0.703279	0.304315	0.817777	0.197489	0.885914
309.970642	0.539895	0.560713	0.54096	309.970642	0.376143	0.703646	0.303072	0.818355	0.195068	0.886852
311.560577	0.539681	0.559982	0.539235	311.560577	0.375671	0.703692	0.301728	0.818235	0.192512	0.885957
313.150543	0.539006	0.55899	0.538052	313.150543	0.374347	0.703664	0.300439	0.817541	0.190349	0.885755
314.740509	0.53844	0.558094	0.536623	314.740509	0.373931	0.702949	0.29886	0.817329	0.187767	0.885479
316.330505	0.538709	0.557611	0.535595	316.330505	0.373649	0.703768	0.297665	0.817557	0.185452	0.885737
317.920532	0.536913	0.556554	0.533673	317.920532	0.371612	0.702213	0.296208	0.816901	0.183259	0.884087
319.51059	0.536764	0.55635	0.533345	319.51059	0.370996	0.702532	0.295346	0.817354	0.180865	0.885825
321.100677	0.536104	0.555617	0.532208	321.100677	0.370477	0.701732	0.293823	0.817411	0.178867	0.885548
322.690796	0.535176	0.554533	0.530482	322.690796	0.369191	0.701162	0.292567	0.8165	0.176581	0.884383
324.280914	0.534965	0.553949	0.529468	324.280914	0.368506	0.701425	0.291463	0.816434	0.174784	0.884152
325.871063	0.534257	0.553107	0.528499	325.871063	0.367797	0.700718	0.290305	0.815908	0.172555	0.884444
327.461243	0.533478	0.552027	0.526895	327.461243	0.366893	0.700064	0.289062	0.814992	0.170376	0.883414
329.051453	0.532403	0.550824	0.52609	329.051453	0.365604	0.699203	0.287779	0.813869	0.16869	0.88349
330.641693	0.532297	0.550262	0.524661	330.641693	0.365302	0.699292	0.28662	0.813904	0.166943	0.882379
332.231964	0.53262	0.550594	0.524636	332.231964	0.364547	0.700693	0.285844	0.815343	0.165105	0.884168
333.822235	0.53173	0.549943	0.523406	333.822235	0.363963	0.699498	0.285014	0.814871	0.163229	0.883583
335.412537	0.530357	0.548703	0.522037	335.412537	0.362696	0.698018	0.283824	0.813583	0.161594	0.88248
337.002869	0.530547	0.548381	0.52136	337.002869	0.362597	0.698496	0.282994	0.813769	0.160329	0.882391
338.593231	0.530387	0.548276	0.520567	338.593231	0.362084	0.69869	0.282541	0.814012	0.158649	0.882484
340.183594	0.529972	0.547904	0.520261	340.183594	0.361675	0.698269	0.281834	0.813974	0.157193	0.883328
341.773987	0.529611	0.547305	0.519471	341.773987	0.361543	0.697678	0.281106	0.813504	0.156214	0.882728
343.36441	0.528803	0.547308	0.519351	343.36441	0.360363	0.697242	0.280982	0.813635	0.15495	0.883751
344.954865	0.528908	0.547594	0.518139	344.954865	0.360492	0.697325	0.280027	0.81516	0.153618	0.882659
346.545319	0.528271	0.547401	0.517459	346.545319	0.35958	0.696963	0.279438	0.815364	0.152178	0.88274
348.135803	0.528623	0.546361	0.516644	348.135803	0.36024	0.697006	0.278933	0.813789	0.151268	0.882019
349.726288	0.527626	0.545966	0.516116	349.726288	0.359269	0.695983	0.278312	0.813619	0.150086	0.882146
351.316833	0.528065	0.545967	0.515213	351.316833	0.359415	0.696714	0.277716	0.814218	0.148937	0.88149
352.907349	0.528708	0.546396	0.515558	352.907349	0.359511	0.697905	0.277781	0.81501	0.147707	0.883409
354.497894	0.52775	0.545731	0.514952	354.497894	0.359022	0.696478	0.277832	0.81363	0.147403	0.882501
356.088501	0.528371	0.546111	0.514295	356.088501	0.359414	0.697328	0.27693	0.815292	0.146491	0.882099
357.679108	0.528423	0.545247	0.511583	357.679108	0.359458	0.697388	0.277133	0.813362	0.145196	0.877969
359.269714	0.528395	0.546337	0.513267	359.269714	0.359221	0.69757	0.277415	0.815259	0.144996	0.881539
360.860352	0.528613	0.546911	0.514767	360.860352	0.359825	0.6974	0.27782	0.816002	0.14495	0.884583
362.450989	0.529982	0.547261	0.513673	362.450989	0.360965	0.698999	0.278303	0.81622	0.144732	0.882613
364.041687	0.530805	0.54857	0.514007	364.041687	0.36168	0.699929	0.279329	0.81781	0.144302	0.883713
365.632385	0.531181	0.549479	0.514253	365.632385	0.362599	0.699762	0.279898	0.81906	0.143972	0.884534
367.223083	0.532196	0.550217	0.514557	367.223083	0.36361	0.700783	0.280563	0.819872	0.14333	0.885785
368.813782	0.533403	0.550771	0.514844	368.813782	0.364605	0.702202	0.280891	0.820651	0.14292	0.886769
370.404541	0.532697	0.550384	0.513513	370.404541	0.364006	0.701388	0.28069	0.820077	0.142134	0.884893
371.9953	0.533385	0.55098	0.513533	371.9953	0.364667	0.702103	0.281116	0.820844	0.142002	0.885063
373.58606	0.533522	0.550933	0.512984	373.58606	0.365003	0.702041	0.281385	0.820481	0.141677	0.884292
375.176849	0.534679	0.552206	0.513569	375.176849	0.36654	0.702817	0.282439	0.821973	0.14167	0.885468
376.767639	0.535794	0.552765	0.514524	376.767639	0.367464	0.704125	0.283174	0.822356	0.141706	0.887341
378.358459	0.536883	0.553576	0.514453	378.358459	0.368609	0.705156	0.28453	0.822622	0.142067	0.886838
379.94931	0.538918	0.555791	0.515606	379.94931	0.3708	0.707037	0.286041	0.825541	0.142356	0.888855
381.540161	0.539479	0.556283	0.51486	381.540161	0.371274	0.707684	0.286792	0.825774	0.141996	0.887723
383.131042	0.540767	0.558141	0.516367	383.131042	0.37304	0.708495	0.288466	0.827817	0.142501	0.890233
384.721893	0.5419	0.558685	0.516661	384.721893	0.373877	0.709922	0.289244	0.828126	0.142415	0.890907
386.312805	0.54341	0.559981	0.517041	386.312805	0.375353	0.711466	0.290002	0.82996	0.142461	0.891621
387.903687	0.543116	0.559734	0.516139	387.903687	0.375794	0.710438	0.290442	0.829025	0.142455	0.889822
389.494598	0.544037	0.561276	0.516363	389.494598	0.376329	0.711745	0.291442	0.83111	0.142235	0.890492
391.08551	0.544768	0.561803	0.516436	391.08551	0.377517	0.712019	0.292149	0.831457	0.142415	0.890456
392.676453	0.546447	0.56295	0.516822	392.676453	0.379371	0.713522	0.293424	0.832476	0.142369	0.891274
394.267426	0.547458	0.563418	0.517355	394.267426	0.379673	0.715243	0.294172	0.832664	0.142299	0.892411
395.858398	0.548418	0.564705	0.51727	395.858398	0.381165	0.71567	0.295637	0.833773	0.142807	0.891733
397.449371	0.549669	0.566199	0.518286	397.449371	0.382504	0.716833	0.29685	0.835548	0.143052	0.89352
399.040344	0.549468	0.566367	0.517219	399.040344	0.382859	0.716077	0.297832	0.834901	0.142937	0.8915
400.631348	0.550403	0.566607	0.516494	400.631348	0.384111	0.716695	0.298557	0.834656	0.143124	0.889864
402.222351	0.552802	0.568743	0.518682	402.222351	0.386355	0.71925	0.300109	0.837376	0.144062	0.893302
403.813385	0.553309	0.570106	0.519212	403.813385	0.387208	0.71941	0.30179	0.838423	0.144393	0.894031
405.404388	0.55537	0.571759	0.520249	405.404388	0.389379	0.721361	0.303499	0.840019	0.144798	0.8957
406.995422	0.5563	0.572786	0.520379	406.995422	0.390296	0.722303	0.304846	0.840726	0.14534	0.895418
408.586487	0.556927	0.573893	0.520262	408.586487	0.391723	0.722131	0.306	0.841786	0.145872	0.894651
410.177551	0.558734	0.576216	0.521335	410.177551	0.393299	0.724168	0.307749	0.844682	0.146187	0.896483
411.768616	0.560657	0.57733	0.521877	411.768616	0.395725	0.725588	0.309543	0.845117	0.146692	0.897062
413.35968	0.562413	0.579102	0.523088	413.35968	0.397017	0.727808	0.311216	0.846988	0.14711	0.899066
414.950745	0.562972	0.579633	0.523106	414.950745	0.39802	0.727925	0.312531	0.846735	0.147607	0.898605
416.54184	0.56425	0.581277	0.523265	416.54184	0.399508	0.728992	0.314157	0.848398	0.147725	0.898804
418.132904	0.564536	0.58162	0.523591	418.132904	0.400415	0.728658	0.314979	0.84826	0.148474	0.898709
419.72403	0.566446	0.583199	0.524325	419.72403	0.402468	0.730424	0.316658	0.849739	0.148792	0.899858
421.315125	0.568618	0.584522	0.524167	421.315125	0.404481	0.732755	0.318186	0.850858	0.149103	0.899232
422.90625	0.570266	0.585676	0.524608	422.90625	0.406228	0.734304	0.31913	0.852221	0.149279	0.899938
424.497375	0.57064	0.586809	0.524969	424.497375	0.406902	0.734378	0.320217	0.853401	0.149576	0.900362
426.088531	0.572032	0.588129	0.525716	426.088531	0.408717	0.735347	0.321948	0.85431	0.150139	0.901294
427.679626	0.572575	0.589267	0.525667	427.679626	0.409534	0.735616	0.323234	0.855301	0.150561	0.900773
429.270813	0.573675	0.590133	0.526049	429.270813	0.411044	0.736305	0.324398	0.855869	0.150842	0.901256
430.861908	0.574787	0.591715	0.526154	430.861908	0.412332	0.737242	0.325837	0.857593	0.151063	0.901244
432.453064	0.575827	0.592536	0.526562	432.453064	0.413266	0.738387	0.326714	0.858359	0.151601	0.901523
434.04425	0.575947	0.593082	0.526458	434.04425	0.413693	0.738202	0.327867	0.858298	0.151634	0.901282
435.635345	0.577941	0.594814	0.527315	435.635345	0.415724	0.740158	0.329389	0.860238	0.15215	0.902481
437.226501	0.578672	0.595418	0.526811	437.226501	0.416353	0.740991	0.330316	0.86052	0.152035	0.901587
438.817688	0.580243	0.596866	0.526734	438.817688	0.41813	0.742356	0.331659	0.862074	0.152296	0.901171
440.408844	0.580929	0.596999	0.526608	440.408844	0.419232	0.742627	0.331959	0.862039	0.152261	0.900954
442.000061	0.582383	0.598027	0.527394	442.000061	0.420436	0.74433	0.333492	0.862561	0.152803	0.901985
443.591217	0.582838	0.599137	0.528198	443.591217	0.421143	0.744534	0.334438	0.863836	0.153155	0.903242
445.182373	0.584219	0.600405	0.528466	445.182373	0.422637	0.745801	0.335901	0.864909	0.153577	0.903355
446.773529	0.584558	0.601015	0.527825	446.773529	0.423183	0.745933	0.336635	0.865395	0.153334	0.902315
448.364685	0.585555	0.601665	0.528091	448.364685	0.424055	0.747055	0.337027	0.866303	0.153436	0.902746
449.955902	0.586457	0.601503	0.52846	449.955902	0.425042	0.747871	0.337351	0.865656	0.153497	0.903423
451.547058	0.586157	0.601792	0.528516	451.547058	0.42478	0.747535	0.33798	0.865604	0.153403	0.903629
453.138245	0.586374	0.60338	0.528587	453.138245	0.425289	0.74746	0.339249	0.867512	0.153751	0.903422
454.729431	0.587858	0.603742	0.529293	454.729431	0.426714	0.749002	0.339789	0.867694	0.154317	0.90427
456.320618	0.587891	0.604468	0.529103	456.320618	0.427187	0.748595	0.340708	0.868227	0.154515	0.90369
457.911774	0.589789	0.604945	0.529196	457.911774	0.42879	0.750789	0.341162	0.868728	0.154664	0.903727
459.502991	0.589824	0.605869	0.528445	459.502991	0.42893	0.750718	0.341458	0.87028	0.154328	0.902562
461.094147	0.589904	0.606795	0.528684	461.094147	0.429441	0.750367	0.342675	0.870916	0.15448	0.902888
462.685303	0.59059	0.607329	0.528906	462.685303	0.429951	0.751229	0.343584	0.871073	0.154275	0.903537
464.276459	0.591733	0.607296	0.529012	464.276459	0.43082	0.752645	0.342961	0.871632	0.154534	0.903491
465.867676	0.591328	0.607453	0.528696	465.867676	0.43089	0.751765	0.343627	0.871278	0.154421	0.902971
467.458832	0.591724	0.608386	0.528096	467.458832	0.431472	0.751976	0.344374	0.872397	0.154589	0.901603
469.049988	0.591821	0.607838	0.528133	469.049988	0.431061	0.752581	0.344064	0.871611	0.154323	0.901943
470.641174	0.591691	0.607821	0.52789	470.641174	0.431236	0.752145	0.344224	0.871419	0.154333	0.901447
472.23233	0.593437	0.609123	0.528957	472.23233	0.433018	0.753856	0.344934	0.873312	0.155026	0.902888
473.823486	0.593211	0.609801	0.528172	473.823486	0.432193	0.754229	0.345392	0.874211	0.154533	0.901812
475.414642	0.592679	0.609621	0.5278	475.414642	0.432288	0.75307	0.345721	0.873521	0.154292	0.901309
477.005768	0.593399	0.608675	0.527854	477.005768	0.432741	0.754057	0.345052	0.872297	0.154284	0.901425
478.596924	0.592936	0.609228	0.528223	478.596924	0.432511	0.753361	0.345787	0.872669	0.154356	0.90209
480.18808	0.592954	0.610241	0.528209	480.18808	0.432991	0.752917	0.345933	0.87455	0.154512	0.901906
481.779205	0.593732	0.610774	0.527107	481.779205	0.433062	0.754402	0.346453	0.875096	0.154272	0.899942
483.3703	0.595537	0.611867	0.527292	483.3703	0.434415	0.75666	0.347103	0.87663	0.15405	0.900534
484.961487	0.596863	0.612507	0.528352	484.961487	0.435703	0.758023	0.347064	0.87795	0.154424	0.90228
486.552582	0.596361	0.610582	0.527483	486.552582	0.434861	0.757861	0.346045	0.875119	0.154399	0.900568
488.143707	0.595764	0.609856	0.526333	488.143707	0.434126	0.757401	0.345514	0.874198	0.153952	0.898714
489.734802	0.596441	0.611583	0.527009	489.734802	0.435135	0.757746	0.346684	0.876482	0.154023	0.899995
491.325867	0.595995	0.61159	0.527106	491.325867	0.434166	0.757825	0.346143	0.877038	0.154114	0.900098
492.916992	0.595952	0.611851	0.526978	492.916992	0.434697	0.757207	0.34675	0.876951	0.154078	0.899879
494.508057	0.595552	0.611704	0.525828	494.508057	0.434127	0.756977	0.346345	0.877062	0.153591	0.898065
496.099182	0.595454	0.611619	0.525529	496.099182	0.43412	0.756789	0.345967	0.877271	0.153524	0.897534
497.690247	0.595181	0.611028	0.524748	497.690247	0.43368	0.756683	0.345497	0.876558	0.153068	0.896428
499.281311	0.59581	0.611217	0.524986	499.281311	0.43369	0.75793	0.345232	0.877202	0.153268	0.896704
500.872314	0.596673	0.610325	0.524644	500.872314	0.434379	0.758967	0.344741	0.875909	0.153013	0.896274
502.463379	0.596565	0.610651	0.524632	502.463379	0.433916	0.759214	0.34504	0.876261	0.153088	0.896177
504.054382	0.59517	0.610799	0.522974	504.054382	0.433001	0.757338	0.344462	0.877137	0.152581	0.893367
505.645416	0.595997	0.610656	0.523489	505.645416	0.433393	0.7586	0.343897	0.877416	0.152344	0.894633
507.23642	0.594929	0.609701	0.522331	507.23642	0.432187	0.757672	0.343523	0.87588	0.151895	0.892767
508.827454	0.594578	0.609703	0.52196	508.827454	0.432052	0.757104	0.342938	0.876467	0.151613	0.892307
510.418457	0.595336	0.611603	0.522955	510.418457	0.432159	0.758514	0.344207	0.878998	0.152123	0.893787
512.009399	0.595503	0.611105	0.522717	512.009399	0.432153	0.758854	0.343213	0.878997	0.152033	0.893402
513.600403	0.595232	0.610708	0.5224	513.600403	0.431942	0.758523	0.342604	0.878811	0.15172	0.89308
515.191345	0.595589	0.610494	0.523369	515.191345	0.431542	0.759636	0.342588	0.8784	0.151941	0.894797
516.782288	0.594675	0.609905	0.522604	516.782288	0.430673	0.758676	0.34189	0.877919	0.151971	0.893238
518.37323	0.593667	0.60918	0.522113	518.37323	0.429716	0.757619	0.3412	0.877161	0.151484	0.892742
519.964172	0.593499	0.608775	0.522282	519.964172	0.429398	0.7576	0.340248	0.877302	0.151274	0.89329
521.555054	0.592453	0.60846	0.521528	521.555054	0.428421	0.756485	0.339453	0.877467	0.151297	0.891759
523.145935	0.591735	0.60799	0.521224	523.145935	0.427313	0.756157	0.339319	0.876662	0.151329	0.891119
524.736877	0.590516	0.607168	0.51949	524.736877	0.426549	0.754483	0.338121	0.876215	0.150598	0.888382
526.327759	0.589231	0.606335	0.519465	526.327759	0.424946	0.753516	0.337238	0.875431	0.150465	0.888465
527.918579	0.589843	0.606747	0.5199	527.918579	0.425314	0.754371	0.336896	0.876599	0.150379	0.889422
529.509399	0.590121	0.606352	0.518994	529.509399	0.424935	0.755306	0.336482	0.876222	0.150226	0.887762
531.10022	0.590204	0.607028	0.519628	531.10022	0.424853	0.755554	0.336142	0.877915	0.150448	0.888809
532.69104	0.590876	0.606854	0.518682	532.69104	0.425125	0.756626	0.335822	0.877886	0.150124	0.88724
534.28186	0.590114	0.605226	0.51795	534.28186	0.423566	0.756662	0.334585	0.875868	0.149426	0.886473
535.872681	0.59005	0.603684	0.516521	535.872681	0.423483	0.756617	0.333168	0.8742	0.149333	0.883709
537.463379	0.589505	0.604709	0.515668	537.463379	0.422577	0.756432	0.333023	0.876396	0.148928	0.882408
539.054138	0.587985	0.602804	0.515139	539.054138	0.421117	0.754854	0.331259	0.874349	0.148311	0.881966
540.644897	0.58807	0.601742	0.515207	540.644897	0.420806	0.755334	0.330385	0.873098	0.148657	0.881757
542.235596	0.5879	0.602449	0.514472	542.235596	0.420549	0.755251	0.330288	0.87461	0.148279	0.880664
543.826294	0.587134	0.604001	0.514656	543.826294	0.419367	0.754902	0.3308	0.877202	0.148483	0.880829
545.416992	0.587693	0.604399	0.514268	545.416992	0.419479	0.755908	0.330251	0.878546	0.148245	0.880292
547.00769	0.588377	0.603836	0.514114	547.00769	0.419278	0.757476	0.329366	0.878306	0.148007	0.880221
548.598267	0.586649	0.602289	0.512596	548.598267	0.417619	0.75568	0.327964	0.876614	0.147412	0.877781
550.188904	0.58637	0.600823	0.513059	550.188904	0.416791	0.755949	0.326968	0.874678	0.147335	0.878782
551.779541	0.586877	0.600445	0.513578	551.779541	0.417044	0.756711	0.325363	0.875526	0.147521	0.879635
553.370117	0.586569	0.600778	0.513286	553.370117	0.41604	0.757097	0.325546	0.876009	0.147608	0.878963
554.960693	0.584185	0.599492	0.51236	554.960693	0.414076	0.754293	0.324102	0.874882	0.147022	0.877698
556.55127	0.583362	0.598828	0.512187	556.55127	0.412913	0.753811	0.323253	0.874404	0.146856	0.877517
558.141785	0.582562	0.597821	0.511706	558.141785	0.411761	0.753362	0.32201	0.873631	0.146751	0.876661
559.7323	0.580984	0.596884	0.510308	559.7323	0.410245	0.751723	0.320534	0.873235	0.146104	0.874511
561.322815	0.580023	0.596953	0.51013	561.322815	0.409026	0.751021	0.319965	0.873941	0.146229	0.874031
562.913269	0.579185	0.596251	0.509188	562.913269	0.407657	0.750713	0.319004	0.873498	0.145464	0.872911
564.503723	0.579708	0.594734	0.508374	564.503723	0.407771	0.751645	0.317522	0.871946	0.145323	0.871425
566.094116	0.579083	0.593809	0.50757	566.094116	0.406231	0.751935	0.315893	0.871725	0.144973	0.870167
567.68457	0.579457	0.593604	0.507306	567.68457	0.406471	0.752444	0.315588	0.871621	0.144772	0.86984
569.274963	0.578676	0.59287	0.507771	569.274963	0.405262	0.75209	0.314206	0.871534	0.144616	0.870925
570.865295	0.578949	0.592007	0.506964	570.865295	0.404875	0.753023	0.313306	0.870708	0.144668	0.86926
572.455688	0.578853	0.592924	0.506826	572.455688	0.403923	0.753782	0.312878	0.872971	0.144298	0.869355
574.045959	0.577672	0.592325	0.505965	574.045959	0.402609	0.752736	0.31197	0.87268	0.143996	0.867934
575.636292	0.575363	0.588155	0.503113	575.636292	0.400511	0.750215	0.308773	0.867536	0.142943	0.863283
577.226501	0.574744	0.587472	0.50208	577.226501	0.399427	0.75006	0.307958	0.866987	0.142681	0.861479
578.816772	0.575187	0.586997	0.503874	578.816772	0.399147	0.751227	0.306954	0.867039	0.142946	0.864801
580.406982	0.57554	0.585833	0.503899	580.406982	0.398609	0.75247	0.305311	0.866355	0.142909	0.864888
581.997192	0.575323	0.585203	0.502655	581.997192	0.397543	0.753103	0.304083	0.866323	0.142361	0.86295
583.587341	0.573457	0.585726	0.502006	583.587341	0.395964	0.750949	0.303517	0.867935	0.142119	0.861892
585.177551	0.571546	0.584459	0.500776	585.177551	0.394156	0.748935	0.302204	0.866714	0.141966	0.859586
586.767639	0.571097	0.583236	0.500665	586.767639	0.392878	0.749316	0.300948	0.865523	0.141244	0.860085
588.357788	0.569332	0.582122	0.499306	588.357788	0.391244	0.747419	0.299195	0.865049	0.140916	0.857695
589.947815	0.566585	0.58131	0.497837	589.947815	0.388616	0.744554	0.29822	0.8644	0.140426	0.855248
591.537842	0.565118	0.579676	0.49749	591.537842	0.387362	0.742874	0.29652	0.862832	0.139873	0.855108
593.127869	0.565975	0.580083	0.49737	593.127869	0.386973	0.744977	0.295988	0.864179	0.13993	0.854809
594.717896	0.566378	0.578696	0.497911	594.717896	0.386564	0.746192	0.294462	0.86293	0.139944	0.855878
596.307861	0.564424	0.576744	0.496698	596.307861	0.384465	0.744383	0.292509	0.86098	0.139493	0.853903
597.897766	0.563064	0.575506	0.496527	597.897766	0.38292	0.743209	0.291191	0.859821	0.1391	0.853955
599.487671	0.56371	0.576521	0.497101	599.487671	0.382749	0.744672	0.290841	0.862201	0.139505	0.854697
601.077576	0.562219	0.576229	0.496314	601.077576	0.380607	0.743832	0.289802	0.862656	0.138958	0.853669
602.667419	0.560542	0.574929	0.494625	602.667419	0.379347	0.741737	0.288299	0.861559	0.13832	0.850931
604.257202	0.558368	0.57357	0.49483	604.257202	0.377002	0.739734	0.286606	0.860533	0.138099	0.851562
605.847046	0.557122	0.572862	0.494648	605.847046	0.375342	0.738903	0.285302	0.860421	0.137678	0.851618
607.436829	0.555091	0.571567	0.492693	607.436829	0.372971	0.737211	0.28407	0.859065	0.13687	0.848517
609.02655	0.553425	0.568197	0.491141	609.02655	0.371353	0.735496	0.28107	0.855325	0.136611	0.845672
610.616272	0.552535	0.566629	0.490732	610.616272	0.370394	0.734675	0.279529	0.853729	0.136122	0.845341
612.205933	0.551307	0.565146	0.489846	612.205933	0.368343	0.734271	0.27814	0.852152	0.136062	0.84363
613.795532	0.549532	0.565346	0.488909	613.795532	0.366787	0.732278	0.277323	0.85337	0.135266	0.842551
615.385193	0.547849	0.566208	0.488327	615.385193	0.364961	0.730738	0.277032	0.855384	0.135028	0.841627
616.974731	0.548063	0.565101	0.488523	616.974731	0.364236	0.731889	0.27556	0.854642	0.134855	0.84219
618.564331	0.548392	0.563533	0.487827	618.564331	0.36312	0.733664	0.273418	0.853647	0.134284	0.841371
620.15387	0.546687	0.563119	0.487968	620.15387	0.361549	0.731824	0.272342	0.853897	0.134248	0.841689
621.743347	0.545457	0.562021	0.488211	621.743347	0.360016	0.730898	0.27106	0.852982	0.134235	0.842187
623.332825	0.545242	0.561002	0.488527	623.332825	0.359475	0.731008	0.269762	0.852241	0.133814	0.843239
624.922241	0.543753	0.560852	0.48631	624.922241	0.357699	0.729807	0.268532	0.853171	0.133254	0.839366
626.511597	0.541989	0.559246	0.485353	626.511597	0.355708	0.728269	0.266774	0.851717	0.132499	0.838206
628.100952	0.541346	0.558305	0.485828	628.100952	0.354371	0.728322	0.265637	0.850974	0.132578	0.839079
629.690308	0.539412	0.556579	0.48634	629.690308	0.352556	0.726268	0.26392	0.849238	0.132386	0.840295
631.279602	0.537287	0.555065	0.485341	631.279602	0.350138	0.724436	0.262244	0.847886	0.131959	0.838723
632.868835	0.536144	0.553495	0.484062	632.868835	0.34876	0.723527	0.260713	0.846278	0.131392	0.836731
634.458069	0.535014	0.552063	0.483458	634.458069	0.346899	0.723129	0.258666	0.845459	0.131226	0.835691
636.047241	0.534895	0.550894	0.48231	636.047241	0.346452	0.723339	0.257525	0.844263	0.130686	0.833934
637.636353	0.534833	0.550149	0.482093	637.636353	0.345604	0.724062	0.256313	0.843985	0.130324	0.833861
639.225464	0.531413	0.548241	0.480638	639.225464	0.342526	0.720299	0.25438	0.842102	0.129662	0.831615
640.814575	0.531147	0.548308	0.479426	640.814575	0.341438	0.720857	0.252999	0.843617	0.128956	0.829896
642.403625	0.528527	0.547775	0.479487	642.403625	0.338919	0.718135	0.251721	0.843828	0.128664	0.83031
643.992615	0.526787	0.545881	0.479156	643.992615	0.337135	0.716439	0.249725	0.842036	0.128373	0.82994
645.581604	0.525957	0.544825	0.480232	645.581604	0.335665	0.716249	0.248835	0.840816	0.128401	0.832063
647.170532	0.524642	0.543759	0.477856	647.170532	0.334347	0.714937	0.24718	0.840338	0.127659	0.828054
648.759399	0.522238	0.541897	0.475819	648.759399	0.332092	0.712385	0.245448	0.838347	0.126771	0.824867
650.348267	0.522195	0.539453	0.475802	650.348267	0.330837	0.713553	0.243238	0.835668	0.126564	0.82504
651.937134	0.522231	0.538176	0.475282	651.937134	0.330121	0.71434	0.242221	0.83413	0.126187	0.824378
653.525879	0.52179	0.538325	0.475514	653.525879	0.329057	0.714523	0.240837	0.835812	0.126169	0.824859
655.114624	0.523065	0.535913	0.474747	655.114624	0.329018	0.717112	0.238982	0.832845	0.125742	0.823751
656.703308	0.52109	0.535277	0.474144	656.703308	0.327301	0.714879	0.238274	0.832281	0.125271	0.823017
658.291992	0.518557	0.533009	0.471845	658.291992	0.324956	0.712159	0.236263	0.829755	0.12418	0.81951
659.880615	0.5142	0.530987	0.471968	659.880615	0.321557	0.706844	0.233922	0.828051	0.124249	0.819687
661.469177	0.511317	0.531294	0.472071	661.469177	0.319209	0.703424	0.233467	0.829121	0.123912	0.820231
663.057739	0.51221	0.531951	0.472921	663.057739	0.318706	0.705715	0.232436	0.831466	0.123836	0.822006
664.64624	0.510246	0.529086	0.471689	664.64624	0.31645	0.704042	0.230405	0.827768	0.123074	0.820304
666.234741	0.509281	0.528482	0.472247	666.234741	0.314912	0.703651	0.229015	0.82795	0.123104	0.821389
667.82312	0.509312	0.529111	0.472074	667.82312	0.314715	0.703908	0.228895	0.829326	0.122697	0.821451
669.411499	0.50655	0.527484	0.470425	669.411499	0.312226	0.700874	0.227156	0.827812	0.122132	0.818718
670.999878	0.504244	0.527049	0.471048	670.999878	0.309882	0.698606	0.225919	0.828179	0.121979	0.820116
672.588135	0.502195	0.523974	0.470519	672.588135	0.307733	0.696658	0.223631	0.824318	0.121661	0.819376
674.176392	0.501953	0.521156	0.469228	674.176392	0.306761	0.697145	0.221312	0.821001	0.120981	0.817475
675.764587	0.501918	0.519989	0.470066	675.764587	0.306126	0.697711	0.219642	0.820337	0.120868	0.819264
677.352783	0.502805	0.519707	0.469484	677.352783	0.305986	0.699624	0.219033	0.820382	0.120601	0.818368
678.940918	0.502282	0.519359	0.466336	678.940918	0.304843	0.69972	0.218437	0.820281	0.119669	0.813003
680.528992	0.499222	0.516379	0.464257	680.528992	0.302006	0.696438	0.215825	0.816932	0.118607	0.809908
682.117065	0.497572	0.516573	0.464622	682.117065	0.30043	0.694714	0.215117	0.818029	0.118635	0.810608
683.705017	0.497085	0.516772	0.465643	683.705017	0.29919	0.69498	0.214422	0.819122	0.118467	0.81282
685.292969	0.495064	0.515073	0.46476	685.292969	0.297499	0.69263	0.212929	0.817217	0.118135	0.811386
686.88092	0.493302	0.513463	0.465639	686.88092	0.295678	0.690927	0.211254	0.815673	0.117907	0.813371
688.46875	0.489719	0.51165	0.464905	688.46875	0.293096	0.686342	0.21014	0.813161	0.117715	0.812094
690.056519	0.488257	0.511301	0.464583	690.056519	0.290886	0.685628	0.20887	0.813732	0.117613	0.811553
691.644348	0.487582	0.509824	0.463376	691.644348	0.290251	0.684914	0.20735	0.812297	0.117082	0.80967
693.232056	0.48465	0.506394	0.46155	693.232056	0.287466	0.681834	0.205176	0.807612	0.116237	0.806864
694.819702	0.484624	0.505466	0.461139	694.819702	0.286598	0.682651	0.203984	0.806947	0.116003	0.806274
696.407349	0.485314	0.504912	0.463021	696.407349	0.286475	0.684154	0.202878	0.806947	0.116267	0.809776
697.994934	0.486397	0.505136	0.465281	697.994934	0.286351	0.686443	0.201945	0.808327	0.116664	0.813899
699.582458	0.484925	0.505147	0.465935	699.582458	0.285114	0.684736	0.201344	0.808951	0.116383	0.815487
701.169983	0.482287	0.502564	0.462267	701.169983	0.282755	0.681819	0.199268	0.805859	0.11505	0.809483
702.757446	0.480297	0.502157	0.461496	702.757446	0.280484	0.680111	0.198591	0.805722	0.11488	0.808112
704.344849	0.479791	0.500942	0.460634	704.344849	0.279512	0.68007	0.196982	0.804901	0.114507	0.806761
705.932129	0.47861	0.499952	0.458201	705.932129	0.278332	0.678887	0.196116	0.803787	0.113636	0.802767
707.519409	0.477064	0.49726	0.458858	707.519409	0.276672	0.677456	0.193975	0.800545	0.113606	0.804111
709.106689	0.473025	0.493908	0.457342	709.106689	0.273382	0.672668	0.19188	0.795935	0.112825	0.80186
710.693909	0.471863	0.493733	0.456322	710.693909	0.272274	0.671453	0.190839	0.796627	0.112724	0.799919
712.281067	0.471225	0.494104	0.455919	712.281067	0.271371	0.671079	0.190463	0.797745	0.111968	0.799871
713.868103	0.471706	0.493523	0.456343	713.868103	0.271291	0.672121	0.189615	0.79743	0.111942	0.800744
715.4552	0.469194	0.490385	0.455539	715.4552	0.268633	0.669756	0.187267	0.793504	0.111785	0.799292
717.042175	0.468314	0.488491	0.456308	717.042175	0.267601	0.669027	0.185936	0.791045	0.111729	0.800887
718.629089	0.467585	0.487656	0.455659	718.629089	0.266175	0.668995	0.184853	0.790458	0.11132	0.799997
720.216003	0.466507	0.487259	0.453544	720.216003	0.265265	0.66775	0.184029	0.790489	0.110482	0.796607
721.802856	0.464505	0.484982	0.451649	721.802856	0.263267	0.665742	0.182189	0.787775	0.110147	0.793151
723.389648	0.463485	0.484644	0.451011	723.389648	0.262092	0.664877	0.181573	0.787715	0.109648	0.792375
724.976379	0.462546	0.485073	0.450725	724.976379	0.260657	0.664434	0.181332	0.788813	0.109521	0.791929
726.56311	0.4628	0.48333	0.451303	726.56311	0.26039	0.66521	0.17991	0.786749	0.109528	0.793079
728.149719	0.463459	0.482957	0.452024	728.149719	0.260477	0.66644	0.179192	0.786721	0.109365	0.794682
729.736267	0.46192	0.482157	0.452298	729.736267	0.259172	0.664669	0.177641	0.786673	0.109447	0.79515
731.322815	0.458581	0.479997	0.451363	731.322815	0.256553	0.66061	0.176392	0.783603	0.108928	0.793797
732.909302	0.456324	0.479621	0.451782	732.909302	0.254322	0.658326	0.175759	0.783483	0.109014	0.794549
734.495728	0.456202	0.479404	0.451975	734.495728	0.253625	0.658779	0.17482	0.783989	0.109091	0.794858
736.082092	0.454097	0.477586	0.450145	736.082092	0.252398	0.655796	0.173778	0.781394	0.108405	0.791885
737.668335	0.453077	0.476414	0.449065	737.668335	0.250761	0.655393	0.172416	0.780412	0.108017	0.790113
739.254639	0.451725	0.474891	0.44874	739.254639	0.249643	0.653806	0.171383	0.778399	0.107905	0.789575
740.84082	0.450103	0.473971	0.447525	740.84082	0.247853	0.652353	0.170404	0.777538	0.10724	0.78781
742.426941	0.44895	0.474165	0.448153	742.426941	0.247326	0.650575	0.169563	0.778767	0.107355	0.78895
744.013062	0.447656	0.472406	0.447804	744.013062	0.245532	0.64978	0.168746	0.776065	0.107018	0.78859
745.59906	0.446623	0.470223	0.448577	745.59906	0.244759	0.648487	0.167544	0.772901	0.106897	0.790256
747.185059	0.443994	0.469031	0.447382	747.185059	0.242527	0.645461	0.16625	0.771813	0.106868	0.787896
748.770996	0.442521	0.46978	0.446156	748.770996	0.241292	0.643751	0.16578	0.77378	0.106441	0.78587
750.356812	0.442317	0.472053	0.448476	750.356812	0.240519	0.644116	0.166027	0.77808	0.106761	0.790192
751.942688	0.441947	0.471468	0.448586	751.942688	0.240088	0.643806	0.165247	0.777689	0.106949	0.790222
753.528442	0.444191	0.469893	0.448511	753.528442	0.240715	0.647668	0.164282	0.775504	0.10644	0.790581
755.114136	0.444523	0.467293	0.44773	755.114136	0.240069	0.648977	0.162396	0.77219	0.106213	0.789246
756.699707	0.442547	0.466422	0.445888	756.699707	0.238386	0.646707	0.161809	0.771034	0.105804	0.785972
758.285278	0.44203	0.464125	0.444549	758.285278	0.237609	0.64645	0.160549	0.767701	0.105203	0.783895
759.870789	0.43865	0.462036	0.441831	759.870789	0.235522	0.641777	0.158929	0.765144	0.104393	0.779269
761.456238	0.438621	0.462697	0.444092	761.456238	0.234376	0.642866	0.158522	0.766872	0.10497	0.783214
763.041626	0.437476	0.463044	0.445443	763.041626	0.233711	0.641241	0.158317	0.76777	0.104889	0.785997
764.627014	0.435325	0.463018	0.443217	764.627014	0.232041	0.63861	0.158003	0.768033	0.104567	0.781867
766.21228	0.434856	0.461478	0.442032	766.21228	0.231383	0.638329	0.156641	0.766315	0.103992	0.780073
767.797485	0.433713	0.459325	0.441628	767.797485	0.230143	0.637283	0.155221	0.763428	0.103948	0.779307
769.382629	0.432256	0.457133	0.442795	769.382629	0.229067	0.635444	0.154084	0.760182	0.104164	0.781427
770.967712	0.428852	0.455506	0.441969	770.967712	0.226704	0.630999	0.152834	0.758178	0.103811	0.780126
772.552734	0.429366	0.455821	0.442586	772.552734	0.226039	0.632693	0.152986	0.758656	0.103954	0.781218
774.137695	0.429252	0.457186	0.443066	774.137695	0.225547	0.632957	0.152457	0.761914	0.104073	0.782059
775.722595	0.428142	0.455642	0.442297	775.722595	0.224504	0.631779	0.151413	0.75987	0.103791	0.780804
777.307495	0.425156	0.451854	0.438928	777.307495	0.222734	0.627577	0.149643	0.754066	0.10298	0.774876
778.892212	0.425818	0.450687	0.437557	778.892212	0.222843	0.628792	0.149034	0.75234	0.102823	0.77229
780.476929	0.425699	0.452	0.43797	780.476929	0.222127	0.629271	0.148882	0.755117	0.102595	0.773344
782.061646	0.421038	0.449227	0.436108	782.061646	0.219289	0.622787	0.147606	0.750849	0.102061	0.770155
783.646179	0.418466	0.448139	0.438344	783.646179	0.216939	0.619992	0.146297	0.749982	0.102584	0.774105
785.230713	0.415593	0.445362	0.435564	785.230713	0.215125	0.61606	0.144875	0.745848	0.102164	0.768965
786.815186	0.418407	0.44733	0.439973	786.815186	0.216107	0.620706	0.145076	0.749583	0.102873	0.777074
788.399597	0.418716	0.446987	0.441501	788.399597	0.215978	0.621454	0.144345	0.74963	0.103316	0.779687
789.983948	0.41752	0.445359	0.439761	789.983948	0.214409	0.620631	0.143503	0.747215	0.102603	0.776919
791.568237	0.415471	0.446069	0.43796	791.568237	0.213449	0.617493	0.143437	0.748701	0.102307	0.773612
793.152405	0.415018	0.444056	0.436006	793.152405	0.212945	0.617091	0.142148	0.745964	0.102107	0.769905
794.736511	0.417432	0.44996	0.440424	794.736511	0.213657	0.621208	0.143423	0.756498	0.10294	0.777909
796.320618	0.412813	0.442215	0.434908	796.320618	0.210911	0.614715	0.140757	0.743672	0.101628	0.768189
797.904663	0.414408	0.444802	0.438714	797.904663	0.210607	0.618208	0.140763	0.748841	0.102293	0.775136
799.488586	0.41306	0.444658	0.439306	799.488586	0.209612	0.616508	0.140086	0.74923	0.102494	0.776118
801.072388	0.409395	0.438664	0.431798	801.072388	0.207296	0.611494	0.138094	0.739234	0.10065	0.762945
802.65625	0.411322	0.438768	0.432955	802.65625	0.207807	0.614837	0.137478	0.740059	0.100809	0.765102
804.23999	0.406595	0.433542	0.426295	804.23999	0.205003	0.608187	0.135405	0.731679	0.098884	0.753707
805.823608	0.410916	0.437927	0.432239	805.823608	0.207394	0.614437	0.136401	0.739453	0.100565	0.763913
807.407227	0.412663	0.442302	0.435769	807.407227	0.207542	0.617785	0.137386	0.747218	0.101361	0.770178
808.990784	0.403785	0.435127	0.427146	808.990784	0.202645	0.604924	0.134695	0.735559	0.099325	0.754966
810.574219	0.408056	0.439116	0.432091	810.574219	0.204447	0.611665	0.135491	0.742741	0.10054	0.763643
812.157593	0.407081	0.437872	0.432249	812.157593	0.202742	0.61142	0.134494	0.74125	0.100418	0.76408
813.740967	0.40409	0.433601	0.429461	813.740967	0.201675	0.606505	0.133104	0.734099	0.099924	0.758999
815.324219	0.405312	0.436368	0.434571	815.324219	0.201499	0.609126	0.133284	0.739453	0.100964	0.768178
816.907349	0.403837	0.434956	0.431639	816.907349	0.20026	0.607414	0.132004	0.737908	0.100516	0.762762
818.49054	0.399858	0.430116	0.426542	818.49054	0.198288	0.601427	0.130674	0.729558	0.099211	0.753873
820.073547	0.400773	0.430973	0.430887	820.073547	0.197823	0.603723	0.130589	0.731357	0.100092	0.761682
821.656555	0.399437	0.431995	0.429099	821.656555	0.19702	0.601855	0.130267	0.733724	0.09972	0.758478
823.239441	0.397182	0.427088	0.426379	823.239441	0.195275	0.59909	0.128168	0.726008	0.099001	0.753757
824.822266	0.398362	0.429854	0.429436	824.822266	0.195673	0.601051	0.128553	0.731154	0.099833	0.759038
826.404968	0.399122	0.431487	0.431182	826.404968	0.195738	0.602505	0.128768	0.734205	0.100536	0.761827
827.987671	0.391834	0.423428	0.423052	827.987671	0.192155	0.591513	0.126201	0.720656	0.098357	0.747748
829.570313	0.390827	0.426351	0.42368	829.570313	0.190862	0.590791	0.126557	0.726144	0.098468	0.748893
831.152832	0.392378	0.427075	0.427372	831.152832	0.191087	0.593669	0.126471	0.727679	0.099195	0.755549
832.735352	0.392183	0.423985	0.425278	832.735352	0.190859	0.593506	0.124976	0.722993	0.098967	0.751588
834.317688	0.390024	0.423161	0.42399	834.317688	0.189044	0.591005	0.124265	0.722056	0.09869	0.74929
835.900024	0.392679	0.425734	0.430776	835.900024	0.18964	0.595718	0.124915	0.726553	0.09997	0.761583
837.4823	0.393445	0.425149	0.43044	837.4823	0.189927	0.596964	0.124497	0.725801	0.100152	0.760728
839.064453	0.390026	0.418835	0.423281	839.064453	0.187744	0.592308	0.122382	0.715287	0.098433	0.74813
840.646606	0.388573	0.419229	0.422985	840.646606	0.186658	0.590488	0.121639	0.716819	0.098422	0.747547
842.228638	0.388195	0.421564	0.427446	842.228638	0.186115	0.590274	0.121817	0.721311	0.099437	0.755455
843.810547	0.387484	0.418927	0.424338	843.810547	0.185714	0.589254	0.120705	0.717149	0.098844	0.749832
845.392395	0.389617	0.419653	0.424444	845.392395	0.18597	0.593264	0.120786	0.71852	0.098908	0.74998
846.974243	0.389416	0.418749	0.422466	846.974243	0.185749	0.593084	0.12005	0.717449	0.098554	0.746378
848.555847	0.389296	0.422257	0.428938	848.555847	0.185073	0.593519	0.120493	0.72402	0.099897	0.757979
850.137512	0.383523	0.415738	0.420726	850.137512	0.182008	0.585038	0.118162	0.713315	0.098185	0.743267
851.719116	0.384424	0.421009	0.425607	851.719116	0.182429	0.58642	0.11953	0.722487	0.099054	0.75216
853.300598	0.384809	0.419425	0.424983	853.300598	0.182326	0.587292	0.118696	0.720153	0.098802	0.751163
854.882019	0.38764	0.422416	0.429442	854.882019	0.182645	0.592634	0.119406	0.725427	0.099876	0.759007
856.463379	0.378982	0.412261	0.418234	856.463379	0.178564	0.579399	0.116048	0.708474	0.097575	0.738892
858.044617	0.377845	0.409567	0.416336	858.044617	0.177484	0.578207	0.11425	0.704884	0.097302	0.735371
859.625793	0.381865	0.415513	0.425418	859.625793	0.178959	0.584771	0.11572	0.715305	0.09907	0.751765
861.206848	0.374201	0.405528	0.414039	861.206848	0.175287	0.573115	0.112432	0.698624	0.096554	0.731523
862.787903	0.376077	0.407836	0.414007	862.787903	0.175542	0.576613	0.113059	0.702614	0.096905	0.73111
864.368835	0.379612	0.414435	0.420848	864.368835	0.176505	0.582719	0.114692	0.714179	0.098241	0.743455
865.949707	0.37457	0.408319	0.412208	865.949707	0.174188	0.574952	0.112732	0.703907	0.096416	0.727999
867.530457	0.3794	0.413484	0.421575	867.530457	0.175958	0.582842	0.113331	0.713636	0.098243	0.744908
869.111145	0.374266	0.408811	0.419835	869.111145	0.173194	0.575337	0.1118	0.705821	0.098162	0.741509
870.691772	0.372589	0.407381	0.41628	870.691772	0.17184	0.573337	0.111311	0.703452	0.097289	0.735271
872.272339	0.378681	0.416297	0.425729	872.272339	0.174154	0.583209	0.112868	0.719725	0.099976	0.751481
873.852722	0.370114	0.405598	0.414712	873.852722	0.170413	0.569815	0.110016	0.70118	0.097179	0.732246
875.433228	0.365223	0.39903	0.404902	875.433228	0.167918	0.562528	0.107881	0.690179	0.095007	0.714797
877.013489	0.378582	0.416598	0.424844	877.013489	0.173617	0.583547	0.112138	0.721058	0.099266	0.750422
878.593628	0.375606	0.413668	0.425058	878.593628	0.171902	0.57931	0.110968	0.716369	0.099645	0.750471
880.173828	0.365995	0.397705	0.408033	880.173828	0.167169	0.56482	0.106202	0.689208	0.0957	0.720366
881.753784	0.375638	0.406226	0.417223	881.753784	0.170865	0.580411	0.108558	0.703894	0.09784	0.736607
883.333801	0.38231	0.419527	0.432963	883.333801	0.17327	0.59135	0.11116	0.727894	0.101966	0.76396
884.913696	0.36968	0.405832	0.419346	884.913696	0.167613	0.571747	0.107428	0.704236	0.099099	0.739593
886.493469	0.358658	0.389773	0.399413	886.493469	0.162374	0.554941	0.102801	0.676746	0.094136	0.704689
888.073242	0.365243	0.395453	0.406197	888.073242	0.165263	0.565222	0.104452	0.686455	0.095366	0.717027
889.652832	0.372371	0.407244	0.420979	889.652832	0.168124	0.576618	0.106715	0.707774	0.098878	0.74308
891.2323	0.364433	0.400067	0.413711	891.2323	0.163634	0.565231	0.104451	0.695683	0.097332	0.730089
892.811829	0.354951	0.387806	0.398332	892.811829	0.159883	0.550018	0.101632	0.673979	0.093674	0.702991
894.391235	0.353683	0.386402	0.395591	894.391235	0.158802	0.548564	0.100427	0.672378	0.093209	0.697974
895.97052	0.362617	0.400094	0.412717	895.97052	0.162399	0.562834	0.103755	0.696433	0.09762	0.727815
897.549683	0.37008	0.414091	0.427704	897.549683	0.16506	0.5751	0.10707	0.721112	0.100745	0.754663
899.128784	0.36704	0.408834	0.425655	899.128784	0.1633	0.570779	0.105318	0.712349	0.100593	0.750716
900.707825	0.353221	0.388703	0.403656	900.707825	0.15701	0.549432	0.099618	0.677788	0.09528	0.712032
902.286804	0.349793	0.379203	0.391061	902.286804	0.154662	0.544924	0.09717	0.661236	0.092633	0.689489
903.865601	0.354893	0.384843	0.39407	903.865601	0.157393	0.552392	0.098111	0.671575	0.093268	0.694872
905.444458	0.367961	0.398741	0.41257	905.444458	0.162586	0.573336	0.101472	0.69601	0.09736	0.72778
907.023071	0.37632	0.411195	0.428844	907.023071	0.166699	0.585942	0.104223	0.718168	0.101235	0.756454
908.601685	0.375141	0.413208	0.431864	908.601685	0.164916	0.585367	0.104529	0.721887	0.102206	0.761522
910.180176	0.364924	0.403354	0.420732	910.180176	0.161126	0.568722	0.101326	0.705383	0.099773	0.74169
911.758606	0.354084	0.392389	0.408324	911.758606	0.154833	0.553335	0.098592	0.686185	0.096628	0.72002
913.336914	0.346737	0.383477	0.39949	913.336914	0.151932	0.541542	0.096011	0.670943	0.094469	0.70451
914.915161	0.345487	0.379206	0.394533	914.915161	0.150965	0.540009	0.094819	0.663594	0.093706	0.69536
916.493347	0.349211	0.380776	0.3976	916.493347	0.152039	0.546383	0.094816	0.666737	0.093796	0.701404
918.071411	0.347111	0.378708	0.395422	918.071411	0.151205	0.543017	0.094422	0.662995	0.093796	0.697049
919.649292	0.349349	0.381136	0.397017	919.649292	0.151147	0.547551	0.094025	0.668248	0.094153	0.699881
921.227234	0.351727	0.385041	0.400469	921.227234	0.152552	0.550903	0.095095	0.674988	0.095027	0.70591
922.804993	0.349498	0.382819	0.40029	922.804993	0.151471	0.547526	0.093648	0.67199	0.094913	0.705666
924.38269	0.349296	0.38345	0.400926	924.38269	0.150672	0.54792	0.093809	0.673092	0.095378	0.706474
925.960327	0.346309	0.381645	0.398201	925.960327	0.149208	0.54341	0.093109	0.670182	0.095141	0.70126
927.537781	0.343976	0.378105	0.395056	927.537781	0.147518	0.540433	0.092055	0.664156	0.094066	0.696047
929.115234	0.341185	0.375017	0.391848	929.115234	0.14686	0.535511	0.090902	0.659133	0.093407	0.690289
930.692566	0.338767	0.373705	0.38931	930.692566	0.144866	0.532668	0.090366	0.657043	0.092775	0.685845
932.269836	0.33957	0.374755	0.391178	932.269836	0.145616	0.533525	0.090203	0.659307	0.093412	0.688945
933.846985	0.338592	0.37469	0.392221	933.846985	0.144491	0.532693	0.090732	0.658647	0.093427	0.691015
935.424011	0.341223	0.377426	0.397718	935.424011	0.146515	0.535932	0.090476	0.664377	0.094535	0.700901
937.000977	0.344982	0.381739	0.404614	937.000977	0.146133	0.543832	0.09133	0.672148	0.096105	0.713122
938.57782	0.344747	0.382702	0.405326	938.57782	0.146473	0.54302	0.091045	0.674359	0.097222	0.71343
940.154602	0.345806	0.384223	0.405158	940.154602	0.146757	0.544856	0.091147	0.6773	0.097183	0.713133
941.731262	0.342578	0.381213	0.400993	941.731262	0.144651	0.540504	0.090616	0.67181	0.095684	0.706302
943.307922	0.339775	0.38025	0.398847	943.307922	0.142772	0.536778	0.090153	0.670346	0.094466	0.703229
944.884399	0.340831	0.379379	0.398407	944.884399	0.143165	0.538497	0.090422	0.668336	0.095326	0.701489
946.460754	0.339617	0.378964	0.397103	946.460754	0.143186	0.536047	0.088544	0.669383	0.095186	0.699019
948.036987	0.338329	0.377876	0.396113	948.036987	0.141942	0.534716	0.088648	0.667105	0.094839	0.697387
949.613281	0.338845	0.376291	0.396162	949.613281	0.14246	0.53523	0.087549	0.665032	0.094897	0.697427
951.189331	0.337249	0.377684	0.397907	951.189331	0.141213	0.533284	0.087895	0.667473	0.096242	0.699572
952.76532	0.337197	0.376333	0.396931	952.76532	0.141371	0.533023	0.087414	0.665252	0.095217	0.698646
954.341309	0.336804	0.37578	0.395876	954.341309	0.140414	0.533193	0.086725	0.664834	0.09511	0.696642
955.917114	0.334054	0.37349	0.394717	955.917114	0.138925	0.529184	0.085543	0.661437	0.095572	0.693862
957.492798	0.333328	0.373002	0.39415	957.492798	0.138543	0.528113	0.085654	0.66035	0.094476	0.693825
959.068359	0.335353	0.374726	0.397308	959.068359	0.139728	0.530978	0.085938	0.663513	0.096015	0.698601
960.643921	0.334276	0.375006	0.396056	960.643921	0.138398	0.530154	0.08598	0.664033	0.095803	0.696308
962.21936	0.331093	0.37246	0.393643	962.21936	0.136572	0.525614	0.084807	0.660113	0.094913	0.692373
963.794617	0.329714	0.37256	0.393299	963.794617	0.135729	0.523699	0.084424	0.660697	0.095424	0.691174
965.369934	0.328071	0.370746	0.391802	965.369934	0.135366	0.520776	0.084471	0.65702	0.094308	0.689295
966.945007	0.325998	0.369443	0.390658	966.945007	0.133703	0.518293	0.083506	0.655379	0.094207	0.687108
968.52002	0.326351	0.370063	0.389724	968.52002	0.134298	0.518405	0.083402	0.656725	0.094254	0.685194
970.09491	0.327626	0.369643	0.389987	970.09491	0.134011	0.521241	0.083152	0.656134	0.094558	0.685416
971.6698	0.327515	0.369296	0.392581	971.6698	0.133111	0.521918	0.082615	0.655977	0.095406	0.689756
973.244507	0.326739	0.368074	0.390709	973.244507	0.132923	0.520555	0.082739	0.653409	0.094491	0.686927
974.819153	0.327217	0.369631	0.392516	974.819153	0.13353	0.520903	0.082661	0.656602	0.095009	0.690023
976.393677	0.326191	0.368878	0.390808	976.393677	0.133199	0.519182	0.082318	0.655437	0.095099	0.686516
977.968079	0.328266	0.367274	0.393135	977.968079	0.133377	0.523156	0.081594	0.652954	0.0952	0.69107
979.542358	0.326367	0.368037	0.394448	979.542358	0.13242	0.520315	0.081198	0.654875	0.095024	0.693872
981.116577	0.324845	0.367535	0.393099	981.116577	0.131694	0.517997	0.081148	0.653922	0.095497	0.690702
982.690735	0.323962	0.365787	0.390956	982.690735	0.131203	0.516722	0.080755	0.650818	0.095347	0.686565
984.264771	0.32439	0.36575	0.390046	984.264771	0.13077	0.518009	0.080152	0.651347	0.095203	0.684889
985.838684	0.325825	0.368106	0.389903	985.838684	0.130776	0.520875	0.079749	0.656462	0.094939	0.684868
987.412415	0.322187	0.367274	0.38941	987.412415	0.128756	0.515618	0.079454	0.655094	0.09525	0.68357
988.986145	0.322261	0.366573	0.387827	988.986145	0.129161	0.515361	0.079095	0.65405	0.093974	0.681681
990.559753	0.320844	0.363752	0.386755	990.559753	0.128799	0.51289	0.078704	0.6488	0.093955	0.679556
992.133179	0.321258	0.362772	0.388285	992.133179	0.128784	0.513732	0.078826	0.646717	0.094605	0.681965
993.706665	0.322511	0.362739	0.390592	993.706665	0.129256	0.515766	0.078122	0.647356	0.096337	0.684847
995.279907	0.322202	0.36356	0.392617	995.279907	0.128422	0.515981	0.078169	0.648951	0.096454	0.68878
996.853027	0.32181	0.363392	0.39134	996.853027	0.128115	0.515505	0.07765	0.649134	0.096714	0.685966
998.426147	0.32251	0.363377	0.390814	998.426147	0.128591	0.51643	0.077628	0.649126	0.096103	0.685524
999.999146	0.322004	0.363775	0.391451	999.999146	0.128032	0.515976	0.077107	0.650444	0.096342	0.686561
1012.878723	0.308136	0.357399	0.384154	1012.878723	0.121651	0.494622	0.075704	0.639093	0.095152	0.673156
1016.250183	0.305319	0.355505	0.380078	1016.250183	0.120163	0.490476	0.075328	0.635681	0.094079	0.666078
1019.622375	0.30509	0.355263	0.383416	1019.622375	0.119346	0.490833	0.074333	0.636192	0.095469	0.671363
1022.995239	0.30495	0.354443	0.381753	1022.995239	0.119146	0.490754	0.073854	0.635032	0.095314	0.668191
1026.368652	0.301423	0.352003	0.378328	1026.368652	0.117229	0.485616	0.073058	0.630948	0.094402	0.662254
1029.74292	0.30327	0.354345	0.382094	1029.74292	0.117843	0.488696	0.073276	0.635414	0.095791	0.668398
1033.117676	0.302878	0.35674	0.384796	1033.117676	0.116968	0.488788	0.073201	0.640278	0.09643	0.673161
1036.493286	0.296532	0.35061	0.380269	1036.493286	0.114281	0.478782	0.071798	0.629423	0.095629	0.66491
1039.869385	0.297496	0.348251	0.379211	1039.869385	0.114238	0.480753	0.070767	0.625736	0.095432	0.662991
1043.246338	0.294711	0.3477	0.379538	1043.246338	0.112679	0.476743	0.070175	0.625226	0.09574	0.663337
1046.623779	0.296021	0.350124	0.379808	1046.623779	0.112751	0.479291	0.070346	0.629902	0.095642	0.663974
1050.001953	0.291163	0.343146	0.376118	1050.001953	0.110296	0.47203	0.068683	0.617609	0.095004	0.657231
1053.380859	0.293001	0.34495	0.37552	1053.380859	0.110744	0.475258	0.068635	0.621266	0.094872	0.656168
1056.760498	0.2906	0.339754	0.376202	1056.760498	0.10958	0.471621	0.067377	0.612131	0.095	0.657403
1060.140625	0.291662	0.34121	0.378386	1060.140625	0.109456	0.473869	0.067199	0.615222	0.095959	0.660812
1063.521484	0.291957	0.34277	0.379761	1063.521484	0.109393	0.474521	0.06714	0.618399	0.09641	0.663112
1066.903076	0.28928	0.340327	0.378081	1066.903076	0.107923	0.470638	0.066338	0.614316	0.095947	0.660216
1070.2854	0.288057	0.34194	0.377811	1070.2854	0.106916	0.469198	0.066329	0.61755	0.096679	0.658942
1073.668213	0.286533	0.339014	0.375674	1073.668213	0.106032	0.467033	0.065506	0.612522	0.095951	0.655397
1077.051758	0.287124	0.338409	0.379705	1077.051758	0.105865	0.468382	0.065258	0.61156	0.097491	0.661918
1080.436035	0.282185	0.334503	0.37522	1080.436035	0.103455	0.460916	0.063887	0.60512	0.09599	0.65445
1083.820923	0.281889	0.33448	0.373045	1083.820923	0.103326	0.460452	0.063978	0.604982	0.095201	0.65089
1087.206543	0.282225	0.335303	0.372779	1087.206543	0.103018	0.461432	0.0637	0.606907	0.096144	0.649415
1090.592773	0.279836	0.335118	0.373993	1090.592773	0.10165	0.458022	0.063559	0.606677	0.095287	0.652698
1093.979736	0.27725	0.334598	0.371652	1093.979736	0.100425	0.454075	0.062988	0.606207	0.096808	0.646495
1097.36731	0.281972	0.33726	0.376181	1097.36731	0.101643	0.462302	0.06347	0.611051	0.095472	0.65689
1100.755615	0.281325	0.334036	0.375088	1100.755615	0.101145	0.461505	0.062448	0.605624	0.097144	0.653031
1104.144531	0.27816	0.333701	0.37268	1104.144531	0.099531	0.456788	0.062175	0.605226	0.095288	0.650073
1107.53418	0.275648	0.329604	0.370755	1107.53418	0.098355	0.452941	0.061264	0.597944	0.095842	0.645668
1110.924438	0.274868	0.33028	0.373373	1110.924438	0.09761	0.452127	0.061296	0.599264	0.095568	0.651178
1114.31543	0.27485	0.327848	0.371329	1114.31543	0.097313	0.452386	0.060436	0.59526	0.095879	0.646779
1117.707031	0.275924	0.329987	0.369362	1117.707031	0.097142	0.454707	0.060746	0.599229	0.094487	0.644236
1121.099365	0.271419	0.328577	0.368589	1121.099365	0.095439	0.4474	0.060066	0.597088	0.095812	0.641366
1124.49231	0.270761	0.325413	0.366793	1124.49231	0.094781	0.446741	0.059594	0.591233	0.09375	0.639835
1127.885986	0.270694	0.324955	0.369534	1127.885986	0.094372	0.447015	0.059007	0.590903	0.095668	0.643401
1131.280273	0.268067	0.323085	0.366355	1131.280273	0.093273	0.442861	0.058945	0.587226	0.094177	0.638533
1134.675293	0.267767	0.321084	0.367634	1134.675293	0.092699	0.442835	0.057767	0.5844	0.095403	0.639865
1138.070923	0.269677	0.321026	0.367301	1138.070923	0.093076	0.446279	0.058071	0.583982	0.094704	0.639898
1141.467285	0.266914	0.321081	0.371348	1141.467285	0.091798	0.442031	0.057541	0.584621	0.096848	0.645847
1144.864258	0.266088	0.322621	0.365123	1144.864258	0.091263	0.440913	0.058072	0.587169	0.094065	0.63618
1148.261963	0.265144	0.32233	0.367526	1148.261963	0.090742	0.439546	0.057304	0.587355	0.095702	0.63935
1151.660278	0.262425	0.3191	0.36396	1151.660278	0.089409	0.435441	0.056861	0.581339	0.093885	0.634036
1155.059326	0.263069	0.319995	0.365793	1155.059326	0.089293	0.436845	0.056443	0.583548	0.095041	0.636545
1158.458984	0.26181	0.319866	0.362572	1158.458984	0.088325	0.435295	0.056658	0.583073	0.094249	0.630895
1161.859253	0.261434	0.319674	0.365534	1161.859253	0.087946	0.434922	0.05588	0.583468	0.095506	0.635563
1165.260376	0.260322	0.316475	0.364659	1165.260376	0.087022	0.433622	0.055616	0.577335	0.095077	0.634241
1168.661987	0.258508	0.315366	0.362499	1168.661987	0.086192	0.430824	0.054919	0.575814	0.094743	0.630255
1172.064453	0.258167	0.318957	0.360703	1172.064453	0.085925	0.430409	0.05584	0.582074	0.094376	0.62703
1175.467529	0.25755	0.317311	0.368746	1175.467529	0.085213	0.429887	0.054994	0.579627	0.096535	0.640957
1178.871216	0.25449	0.312059	0.360715	1178.871216	0.083858	0.425122	0.054295	0.569823	0.094763	0.626667
1182.275635	0.256126	0.313896	0.364839	1182.275635	0.084115	0.428138	0.05389	0.573903	0.095959	0.633719
1185.680664	0.25712	0.310879	0.35921	1185.680664	0.084042	0.430198	0.053692	0.568067	0.093887	0.624533
1189.086304	0.254955	0.309323	0.362591	1189.086304	0.083053	0.426856	0.052878	0.565768	0.096235	0.628947
1192.492798	0.25327	0.308256	0.360681	1192.492798	0.082241	0.424299	0.052937	0.563575	0.095107	0.626255
1195.89978	0.252374	0.308107	0.362551	1195.89978	0.08148	0.423268	0.052359	0.563856	0.096026	0.629076
1199.307617	0.251962	0.309773	0.359111	1199.307617	0.081283	0.422641	0.052971	0.566576	0.094774	0.623447
1202.716064	0.251755	0.310229	0.362614	1202.716064	0.080718	0.422792	0.052395	0.568063	0.096629	0.628598
1206.125122	0.251251	0.307671	0.359425	1206.125122	0.080042	0.422459	0.052295	0.563047	0.095496	0.623355
1209.534912	0.250072	0.307069	0.361588	1209.534912	0.079662	0.420483	0.051573	0.562565	0.096457	0.626719
1212.945313	0.250359	0.304424	0.358982	1212.945313	0.079407	0.421311	0.051406	0.557442	0.095559	0.622405
1216.356445	0.24769	0.304453	0.35802	1216.356445	0.078052	0.417328	0.050583	0.558323	0.095452	0.620588
1219.768188	0.249035	0.302363	0.35706	1219.768188	0.078371	0.419699	0.050735	0.553992	0.095589	0.618531
1223.180664	0.251067	0.304642	0.361679	1223.180664	0.079026	0.423109	0.050681	0.558602	0.096825	0.626533
1226.59375	0.251407	0.304063	0.360226	1226.59375	0.078225	0.424589	0.0504	0.557726	0.096324	0.624129
1230.007568	0.249755	0.304841	0.364562	1230.007568	0.077462	0.422049	0.050192	0.559489	0.097958	0.631166
1233.421997	0.2463	0.298108	0.360468	1233.421997	0.076256	0.416345	0.049177	0.547039	0.09684	0.624095
1236.837158	0.245882	0.298845	0.361445	1236.837158	0.075679	0.416086	0.048693	0.548996	0.097391	0.625498
1240.25293	0.246907	0.297061	0.357622	1240.25293	0.075438	0.418377	0.048744	0.545378	0.096859	0.618384
1243.669434	0.245433	0.298156	0.359792	1243.669434	0.075284	0.415582	0.048268	0.548044	0.096948	0.622636
1247.086548	0.241119	0.298326	0.355215	1247.086548	0.073701	0.408538	0.048696	0.547956	0.096111	0.614319
1250.504395	0.243356	0.299362	0.360415	1250.504395	0.073939	0.412772	0.048413	0.550311	0.097606	0.623224
1253.922852	0.242888	0.299749	0.360873	1253.922852	0.073576	0.4122	0.048743	0.550754	0.098077	0.62367
1257.342041	0.240162	0.297064	0.358463	1257.342041	0.072413	0.407911	0.047611	0.546518	0.096646	0.620281
1260.761841	0.240397	0.297875	0.355649	1260.761841	0.072299	0.408495	0.047966	0.547785	0.096789	0.614508
1264.182373	0.24245	0.298395	0.357793	1264.182373	0.072634	0.412265	0.047408	0.549383	0.097247	0.618339
1267.603516	0.236457	0.292836	0.351915	1267.603516	0.070604	0.40231	0.046812	0.538859	0.095847	0.607983
1271.025391	0.239437	0.293879	0.36142	1271.025391	0.070979	0.407896	0.046441	0.541316	0.09856	0.62428
1274.447998	0.24055	0.296211	0.359244	1274.447998	0.07091	0.41019	0.046888	0.545533	0.097985	0.620503
1277.871094	0.23821	0.296311	0.361421	1277.871094	0.070344	0.406077	0.046597	0.546025	0.098739	0.624102
1281.294922	0.233563	0.295227	0.358537	1281.294922	0.068811	0.398315	0.046565	0.54389	0.09837	0.618704
1284.719482	0.236766	0.296929	0.35749	1284.719482	0.069265	0.404266	0.046156	0.547702	0.098214	0.616765
1288.144775	0.237079	0.293465	0.355276	1288.144775	0.069056	0.405102	0.046029	0.540901	0.097638	0.612915
1291.570557	0.236094	0.29488	0.359049	1291.570557	0.068752	0.403437	0.045532	0.544228	0.098337	0.61976
1294.997192	0.231985	0.290019	0.351891	1294.997192	0.067342	0.396629	0.045037	0.535001	0.096502	0.60728
1298.424316	0.231177	0.289634	0.356407	1298.424316	0.066814	0.39554	0.044539	0.53473	0.098364	0.61445
1301.852295	0.231753	0.288645	0.350463	1301.852295	0.066514	0.396993	0.044436	0.532853	0.096207	0.604718
1305.280762	0.232744	0.291441	0.358407	1305.280762	0.0669	0.398589	0.044525	0.538357	0.09898	0.617834
1308.710083	0.231505	0.288696	0.354461	1308.710083	0.065983	0.397027	0.044165	0.533228	0.098248	0.610674
1312.139893	0.233395	0.289276	0.35763	1312.139893	0.066138	0.400651	0.043763	0.534789	0.099056	0.616205
1315.570557	0.227984	0.28728	0.350261	1315.570557	0.064513	0.391455	0.043577	0.530983	0.096997	0.603525
1319.001709	0.229664	0.291829	0.357798	1319.001709	0.065199	0.394129	0.043997	0.53966	0.098701	0.616895
1322.433716	0.227846	0.285651	0.353331	1322.433716	0.064147	0.391544	0.042836	0.528466	0.098315	0.608347
1325.866333	0.227113	0.286733	0.358236	1325.866333	0.063984	0.390242	0.042772	0.530694	0.099412	0.61706
1329.299561	0.228384	0.283725	0.358044	1329.299561	0.063997	0.392771	0.0424	0.52505	0.099641	0.616448
1332.733521	0.228214	0.284167	0.358978	1332.733521	0.063479	0.392949	0.042039	0.526295	0.100223	0.617733
1336.168091	0.228225	0.2848	0.358147	1336.168091	0.063453	0.392996	0.042255	0.527345	0.099941	0.616354
1339.603271	0.228702	0.286808	0.359269	1339.603271	0.063336	0.394068	0.04211	0.531507	0.101163	0.617376
1343.039307	0.226168	0.283436	0.358542	1343.039307	0.062222	0.390115	0.041475	0.525398	0.099997	0.617086
1346.47583	0.226823	0.284222	0.362458	1346.47583	0.062431	0.391215	0.041418	0.527026	0.101815	0.623101
1349.913208	0.223153	0.284336	0.358396	1349.913208	0.061397	0.38491	0.041275	0.527397	0.100381	0.616411
1353.351196	0.224011	0.281448	0.355641	1353.351196	0.061292	0.38673	0.04086	0.522037	0.102801	0.608482
1356.789795	0.224076	0.279944	0.353643	1356.789795	0.061303	0.386849	0.040276	0.519613	0.100489	0.606797
1360.229126	0.223207	0.286957	0.357892	1360.229126	0.060872	0.385541	0.041043	0.532872	0.103297	0.612487
1363.669189	0.223627	0.283984	0.357599	1363.669189	0.060498	0.386756	0.040512	0.527456	0.101509	0.613689
1367.109741	0.222061	0.282056	0.355947	1367.109741	0.059874	0.384247	0.040131	0.523981	0.102819	0.609076
1370.551025	0.218189	0.278586	0.353851	1370.551025	0.05861	0.377767	0.039361	0.517811	0.102141	0.605562
1373.993042	0.219929	0.279474	0.353047	1373.993042	0.059179	0.380679	0.039337	0.519611	0.10137	0.604725
1377.435791	0.218339	0.278932	0.345842	1377.435791	0.058395	0.378282	0.039133	0.518731	0.099426	0.592257
1380.87915	0.218846	0.27839	0.351773	1380.87915	0.058468	0.379224	0.038885	0.517895	0.101887	0.601658
1384.322998	0.214515	0.277077	0.34739	1384.322998	0.056938	0.372091	0.038476	0.515679	0.100719	0.594062
1387.767822	0.218626	0.278524	0.354337	1387.767822	0.058075	0.379176	0.038499	0.518549	0.101912	0.606761
1391.213135	0.219473	0.278415	0.350901	1391.213135	0.058077	0.380869	0.038487	0.518343	0.102286	0.599516
1394.65918	0.217323	0.279627	0.351896	1394.65918	0.057486	0.377159	0.038428	0.520826	0.102867	0.600926
1398.105835	0.218535	0.278445	0.350437	1398.105835	0.057603	0.379467	0.03831	0.518579	0.101841	0.599033
1401.553223	0.219021	0.278117	0.35388	1401.553223	0.057603	0.38044	0.038171	0.518063	0.104011	0.60375
1405.001221	0.21496	0.280309	0.355988	1405.001221	0.056245	0.373675	0.038024	0.522594	0.104176	0.6078
1408.449951	0.220809	0.28182	0.363444	1408.449951	0.057351	0.384267	0.037936	0.525705	0.105775	0.621114
1411.899292	0.216284	0.275812	0.3564	1411.899292	0.056439	0.376129	0.03721	0.514415	0.105052	0.607747
1415.349365	0.214679	0.275183	0.354204	1415.349365	0.055831	0.373528	0.037144	0.513223	0.103395	0.605013
1418.800049	0.215387	0.277759	0.360532	1418.800049	0.05556	0.375214	0.037118	0.5184	0.10503	0.616034
1422.251465	0.213044	0.272168	0.355492	1422.251465	0.054703	0.371384	0.03611	0.508227	0.103881	0.607103
1425.703491	0.212068	0.270952	0.354626	1425.703491	0.054141	0.369995	0.035758	0.506145	0.10454	0.604713
1429.15625	0.210103	0.270785	0.351264	1429.15625	0.053766	0.36644	0.035501	0.506068	0.103278	0.59925
1432.609619	0.208447	0.274181	0.353507	1432.609619	0.053242	0.363651	0.035623	0.512738	0.104655	0.602359
1436.063721	0.210703	0.27441	0.359158	1436.063721	0.053695	0.36771	0.036056	0.512764	0.106174	0.612142
1439.518555	0.212755	0.279915	0.362785	1439.518555	0.054024	0.371486	0.036217	0.523614	0.106619	0.618951
1442.973877	0.210257	0.276832	0.359883	1442.973877	0.053029	0.367485	0.035872	0.517792	0.107071	0.612696
1446.430054	0.208597	0.27428	0.356842	1446.430054	0.052624	0.364571	0.035499	0.513062	0.105862	0.607822
1449.886841	0.211302	0.273792	0.359859	1449.886841	0.053177	0.369428	0.035209	0.512374	0.106576	0.613141
1453.344238	0.20699	0.269967	0.355492	1453.344238	0.051935	0.362045	0.034523	0.505412	0.106379	0.604605
1456.802368	0.204479	0.270676	0.352537	1456.802368	0.051088	0.357869	0.034264	0.507088	0.104832	0.600242
1460.261108	0.204703	0.26834	0.354957	1460.261108	0.050998	0.358408	0.034099	0.502582	0.105699	0.604215
1463.720581	0.206899	0.268673	0.355337	1463.720581	0.051635	0.362164	0.033953	0.503393	0.104923	0.605751
1467.180786	0.210828	0.272251	0.356974	1467.180786	0.052758	0.368897	0.034038	0.510465	0.107008	0.606939
1470.641479	0.20768	0.268196	0.355211	1470.641479	0.05174	0.36362	0.033688	0.502704	0.106188	0.604234
1474.103027	0.20775	0.266635	0.354224	1474.103027	0.051799	0.363701	0.033069	0.500201	0.106529	0.601919
1477.565186	0.206977	0.267498	0.353646	1477.565186	0.050953	0.363001	0.033381	0.501614	0.106827	0.600464
1481.027954	0.205937	0.270345	0.354007	1481.027954	0.050735	0.361139	0.033469	0.507221	0.106991	0.601022
1484.491455	0.210073	0.271325	0.357139	1484.491455	0.05199	0.368156	0.033309	0.50934	0.106758	0.607521
1487.955566	0.206428	0.263914	0.354383	1487.955566	0.050788	0.362068	0.032323	0.495506	0.107174	0.601593
1491.42041	0.204402	0.266629	0.359352	1491.42041	0.050143	0.358661	0.032462	0.500797	0.108089	0.610615
1494.885986	0.202932	0.268868	0.355942	1494.885986	0.049399	0.356464	0.032674	0.505061	0.108548	0.603335
1498.352051	0.200374	0.270941	0.356454	1498.352051	0.048625	0.352123	0.032834	0.509048	0.107061	0.605846
1501.81897	0.203671	0.270228	0.352519	1501.81897	0.049218	0.358124	0.032662	0.507794	0.107033	0.598006
1505.286377	0.200635	0.263321	0.354693	1505.286377	0.048334	0.352935	0.031762	0.494881	0.108076	0.601311
1508.754639	0.20187	0.265892	0.353342	1508.754639	0.048535	0.355204	0.031617	0.500167	0.107259	0.599425
1512.223389	0.200916	0.266838	0.352879	1512.223389	0.048179	0.353654	0.031756	0.501919	0.107356	0.598402
1515.692993	0.199081	0.265377	0.350242	1515.692993	0.047415	0.350747	0.031651	0.499104	0.107269	0.593216
1519.163208	0.197065	0.265671	0.350243	1519.163208	0.047208	0.346922	0.031792	0.499551	0.106671	0.593815
1522.634033	0.199012	0.267612	0.349329	1522.634033	0.047403	0.350621	0.031478	0.503747	0.106806	0.591852
1526.105591	0.19574	0.26012	0.348396	1526.105591	0.046712	0.344767	0.030701	0.489539	0.106728	0.590063
1529.577881	0.191292	0.261803	0.347888	1529.577881	0.045532	0.337052	0.030683	0.492924	0.106774	0.589002
1533.050659	0.194449	0.265395	0.35085	1533.050659	0.046002	0.342896	0.030649	0.500142	0.107455	0.594245
1536.52417	0.195611	0.263768	0.346592	1536.52417	0.045858	0.345365	0.030668	0.496867	0.107016	0.586167
1539.998413	0.191987	0.261904	0.345173	1539.998413	0.045366	0.338608	0.030263	0.493544	0.106366	0.583979
1543.473389	0.192557	0.263856	0.346482	1543.473389	0.045015	0.340098	0.030434	0.497278	0.107337	0.585628
1546.948975	0.192166	0.26211	0.349743	1546.948975	0.04492	0.339411	0.030088	0.494132	0.106565	0.592922
1550.425171	0.195979	0.262754	0.348942	1550.425171	0.04586	0.346098	0.030009	0.4955	0.106398	0.591485
1553.9021	0.197035	0.261029	0.358044	1553.9021	0.045998	0.348072	0.029966	0.492092	0.11162	0.604468
1557.379639	0.195647	0.264592	0.35856	1557.379639	0.045756	0.345538	0.030184	0.498999	0.111243	0.605877
1560.85791	0.192019	0.26319	0.357566	1560.85791	0.045205	0.338833	0.02975	0.496629	0.11007	0.605062
1564.336792	0.190105	0.260527	0.350589	1564.336792	0.044355	0.335854	0.029517	0.491536	0.109128	0.59205
1567.816528	0.191916	0.257901	0.350657	1567.816528	0.044827	0.339006	0.029159	0.486642	0.108255	0.593058
1571.296753	0.188361	0.258617	0.35271	1571.296753	0.044004	0.332718	0.028823	0.488412	0.10935	0.596069
1574.777588	0.187332	0.260183	0.354637	1574.777588	0.043495	0.331169	0.029263	0.491102	0.110732	0.598543
1578.259277	0.188553	0.26087	0.35714	1578.259277	0.043451	0.333654	0.028713	0.493028	0.110967	0.603313
1581.741577	0.1855	0.260336	0.351064	1581.741577	0.042713	0.328287	0.028851	0.491821	0.108711	0.593418
1585.224487	0.184849	0.259472	0.345518	1585.224487	0.042305	0.327394	0.028955	0.489989	0.10815	0.582885
1588.708252	0.185278	0.260941	0.34515	1588.708252	0.042361	0.328196	0.028761	0.49312	0.107592	0.582708
1592.192505	0.185142	0.256683	0.344802	1592.192505	0.042096	0.328188	0.028079	0.485288	0.107365	0.582239
1595.67749	0.186165	0.257206	0.349006	1595.67749	0.0421	0.33023	0.028224	0.486187	0.110196	0.587816
1599.163086	0.185111	0.258324	0.353739	1599.163086	0.042278	0.327945	0.028305	0.488343	0.110312	0.597167
1602.649414	0.181402	0.255977	0.34832	1602.649414	0.041428	0.321375	0.027986	0.483968	0.109408	0.587233
1606.136475	0.182343	0.257706	0.348469	1606.136475	0.041995	0.322691	0.028039	0.487373	0.109842	0.587097
1609.624023	0.184094	0.253981	0.346137	1609.624023	0.041396	0.326791	0.027524	0.480438	0.10955	0.582724
1613.112427	0.182295	0.255806	0.350056	1613.112427	0.041321	0.323269	0.027384	0.484228	0.10989	0.590222
1616.601318	0.18073	0.254207	0.351313	1616.601318	0.040935	0.320526	0.027268	0.481146	0.110208	0.592417
1620.091064	0.182036	0.256566	0.348831	1620.091064	0.041089	0.322983	0.027901	0.48523	0.11048	0.587183
1623.581299	0.183906	0.25786	0.346885	1623.581299	0.041339	0.326473	0.027748	0.487972	0.110163	0.583607
1627.072388	0.184855	0.258024	0.342612	1627.072388	0.041707	0.328002	0.02733	0.488718	0.108523	0.5767
1630.564087	0.182679	0.256234	0.345054	1630.564087	0.040968	0.324391	0.027247	0.485222	0.10899	0.581118
1634.056396	0.180161	0.252884	0.338972	1634.056396	0.040183	0.320139	0.02715	0.478618	0.107518	0.570427
1637.549561	0.178871	0.252319	0.34112	1637.549561	0.039536	0.318207	0.027056	0.477581	0.10937	0.572869
1641.043213	0.180573	0.250483	0.339166	1641.043213	0.039833	0.321313	0.026404	0.474562	0.108017	0.570315
1644.537476	0.180516	0.253848	0.343674	1644.537476	0.04011	0.320922	0.026603	0.481093	0.109116	0.578233
1648.032593	0.180932	0.252737	0.340647	1648.032593	0.039858	0.322005	0.026552	0.478922	0.107437	0.573858
1651.52832	0.180331	0.250482	0.337656	1651.52832	0.039954	0.320709	0.025869	0.475095	0.107918	0.567394
1655.024658	0.178507	0.251556	0.339876	1655.024658	0.039178	0.317836	0.026103	0.47701	0.108579	0.571174
1658.521729	0.17741	0.25091	0.339248	1658.521729	0.038609	0.316212	0.026069	0.475751	0.107475	0.571021
1662.019531	0.179691	0.25247	0.339672	1662.019531	0.039126	0.320257	0.025964	0.478977	0.10853	0.570813
1665.517944	0.175689	0.251279	0.337227	1665.517944	0.038302	0.313077	0.025994	0.476563	0.108572	0.565882
1669.016968	0.179083	0.254167	0.343521	1669.016968	0.038643	0.319524	0.026479	0.481854	0.11131	0.575732
1672.516846	0.178783	0.255893	0.344414	1672.516846	0.038539	0.319028	0.026147	0.485639	0.111171	0.577656
1676.017212	0.179765	0.255009	0.347212	1676.017212	0.039098	0.320433	0.026387	0.48363	0.111517	0.582907
1679.518188	0.178673	0.250619	0.341742	1679.518188	0.038993	0.318353	0.025566	0.475673	0.109194	0.574291
1683.019897	0.17652	0.25096	0.33956	1683.019897	0.037895	0.315145	0.02568	0.47624	0.110209	0.568911
1686.522461	0.176846	0.250895	0.338747	1686.522461	0.038537	0.315155	0.02582	0.47597	0.108128	0.569367
